3.873000000000001e-07
5.316950000000002e-07
9.192150000000003e-07
1.0637700000000003e-06
1.0640050000000002e-06
1.0642400000000002e-06
1.064475e-06
1.451995e-06
1.5965500000000002e-06
1.9840700000000002e-06
2.1286250000000003e-06
2.1288600000000002e-06
2.129095e-06
2.12933e-06
2.129565e-06
2.1298e-06
2.130035e-06
2.1302699999999998e-06
2.1305049999999997e-06
2.1307399999999996e-06
2.1309749999999995e-06
2.1312099999999995e-06
2.1314449999999994e-06
2.1316799999999993e-06
2.1319149999999992e-06
2.132149999999999e-06
2.132384999999999e-06
2.132619999999999e-06
2.132854999999999e-06
2.133089999999999e-06
2.1333249999999988e-06
2.1335599999999987e-06
2.1337949999999986e-06
2.1340299999999985e-06
2.1342649999999984e-06
2.1344999999999984e-06
2.1347349999999983e-06
2.1349699999999982e-06
2.135204999999998e-06
2.135439999999998e-06
2.135674999999998e-06
2.135909999999998e-06
2.136144999999998e-06
2.1363799999999977e-06
2.1366149999999977e-06
2.1368499999999976e-06
2.1370849999999975e-06
2.1373199999999974e-06
2.1375549999999974e-06
2.1377899999999973e-06
2.138024999999997e-06
2.138259999999997e-06
2.138494999999997e-06
2.138729999999997e-06
2.138964999999997e-06
2.139199999999997e-06
2.1394349999999967e-06
2.1396699999999967e-06
2.1399049999999966e-06
2.1401399999999965e-06
2.1403749999999964e-06
2.5278949999999967e-06
2.6724499999999967e-06
2.6726849999999967e-06
2.6729199999999966e-06
2.6731549999999965e-06
2.6733899999999964e-06
2.6736249999999964e-06
2.6738599999999963e-06
2.674094999999996e-06
2.674329999999996e-06
2.674564999999996e-06
2.674799999999996e-06
2.675034999999996e-06
2.675269999999996e-06
2.6755049999999957e-06
2.6757399999999957e-06
2.6759749999999956e-06
2.6762099999999955e-06
2.6764449999999954e-06
2.6766799999999954e-06
2.6769149999999953e-06
2.677149999999995e-06
2.677384999999995e-06
2.677619999999995e-06
2.677854999999995e-06
2.678089999999995e-06
2.678324999999995e-06
2.6785599999999947e-06
2.6787949999999947e-06
2.6790299999999946e-06
2.6792649999999945e-06
2.6794999999999944e-06
2.6797349999999943e-06
2.6799699999999943e-06
2.680204999999994e-06
2.680439999999994e-06
2.680674999999994e-06
2.680909999999994e-06
2.681144999999994e-06
2.681379999999994e-06
2.6816149999999937e-06
2.6818499999999936e-06
2.6820849999999936e-06
2.6823199999999935e-06
2.6825549999999934e-06
2.6827899999999933e-06
2.6830249999999933e-06
2.683259999999993e-06
2.683494999999993e-06
2.683729999999993e-06
2.683964999999993e-06
2.684199999999993e-06
2.684434999999993e-06
2.6846699999999927e-06
2.6849049999999926e-06
2.6851399999999926e-06
2.6853749999999925e-06
2.6856099999999924e-06
2.6858449999999923e-06
2.6860799999999922e-06
2.686314999999992e-06
2.686549999999992e-06
2.686784999999992e-06
2.687019999999992e-06
2.687254999999992e-06
2.6874899999999918e-06
2.6877249999999917e-06
2.6879599999999916e-06
2.6881949999999915e-06
2.6884299999999915e-06
2.6886649999999914e-06
2.7061799999999914e-06
2.7138549999999913e-06
2.7140899999999912e-06
2.714324999999991e-06
2.714559999999991e-06
3.1020799999999913e-06
3.2466349999999914e-06
3.2468699999999913e-06
3.2471049999999912e-06
3.247339999999991e-06
3.247574999999991e-06
3.247809999999991e-06
3.248044999999991e-06
3.248279999999991e-06
3.2485149999999908e-06
3.2487499999999907e-06
3.2489849999999906e-06
3.2492199999999906e-06
3.2494549999999905e-06
3.2496899999999904e-06
3.2499249999999903e-06
3.6374449999999905e-06
3.7819999999999906e-06
3.7822349999999906e-06
3.7824699999999905e-06
3.7827049999999904e-06
3.7829399999999903e-06
3.7831749999999903e-06
3.78340999999999e-06
3.78364499999999e-06
3.78387999999999e-06
3.78411499999999e-06
3.78434999999999e-06
3.7845849999999898e-06
3.7848199999999897e-06
3.7850549999999896e-06
3.7852899999999896e-06
3.7855249999999895e-06
3.7857599999999894e-06
3.7859949999999893e-06
3.7862299999999892e-06
3.786464999999989e-06
3.786699999999989e-06
3.786934999999989e-06
3.787169999999989e-06
3.787404999999989e-06
3.7876399999999888e-06
3.7878749999999887e-06
3.7881099999999886e-06
3.7883449999999885e-06
3.7885799999999885e-06
3.7888149999999884e-06
3.7890499999999883e-06
3.7892849999999882e-06
3.789519999999988e-06
3.789754999999988e-06
3.789989999999988e-06
3.790224999999988e-06
3.790459999999988e-06
3.7906949999999878e-06
3.7909299999999877e-06
3.7911649999999876e-06
3.7913999999999875e-06
3.7916349999999875e-06
3.7918699999999874e-06
3.7921049999999873e-06
3.7923399999999872e-06
3.792574999999987e-06
3.792809999999987e-06
3.810249999999987e-06
3.817844999999987e-06
3.8180799999999875e-06
3.818314999999988e-06
3.818549999999988e-06
3.8187849999999885e-06
3.819019999999989e-06
3.819254999999989e-06
3.81948999999999e-06
3.81972499999999e-06
3.81995999999999e-06
3.820194999999991e-06
3.820429999999991e-06
3.820664999999991e-06
3.820899999999992e-06
3.821134999999992e-06
3.821369999999992e-06
3.821604999999993e-06
3.821839999999993e-06
3.822074999999993e-06
3.822309999999994e-06
3.822544999999994e-06
3.8227799999999944e-06
3.823014999999995e-06
3.823249999999995e-06
3.8234849999999955e-06
3.823719999999996e-06
3.823954999999996e-06
3.8241899999999965e-06
3.824424999999997e-06
3.824659999999997e-06
3.8248949999999975e-06
3.825129999999998e-06
3.825364999999998e-06
3.8255999999999986e-06
3.825834999999999e-06
3.826069999999999e-06
3.826305e-06
3.82654e-06
3.826775e-06
3.827010000000001e-06
3.827245000000001e-06
3.827480000000001e-06
3.827715000000002e-06
3.827950000000002e-06
3.828185000000002e-06
3.828420000000003e-06
3.828655000000003e-06
3.828890000000003e-06
3.829125000000004e-06
3.829360000000004e-06
3.8295950000000045e-06
3.829830000000005e-06
3.830065000000005e-06
3.8303000000000055e-06
3.830535000000006e-06
3.830770000000006e-06
3.8310050000000065e-06
3.831240000000007e-06
3.831475000000007e-06
3.8317100000000076e-06
3.831945000000008e-06
3.832180000000008e-06
3.832415000000009e-06
3.832650000000009e-06
3.832885000000009e-06
3.83312000000001e-06
3.83335500000001e-06
3.83359000000001e-06
3.833825000000011e-06
3.834060000000011e-06
3.834295000000011e-06
3.834530000000012e-06
3.834765000000012e-06
3.835000000000012e-06
3.835235000000013e-06
3.835470000000013e-06
3.8357050000000134e-06
3.835940000000014e-06
3.836175000000014e-06
3.8364100000000145e-06
3.836645000000015e-06
3.836880000000015e-06
3.8371150000000155e-06
3.837350000000016e-06
3.837585000000016e-06
3.8378200000000166e-06
3.838055000000017e-06
3.838290000000017e-06
3.838525000000018e-06
3.838760000000018e-06
3.838995000000018e-06
3.839230000000019e-06
3.839465000000019e-06
3.839700000000019e-06
3.83993500000002e-06
3.84017000000002e-06
3.84040500000002e-06
3.840640000000021e-06
3.840875000000021e-06
3.841110000000021e-06
3.841345000000022e-06
3.841580000000022e-06
3.8418150000000224e-06
3.842050000000023e-06
3.842285000000023e-06
3.8425200000000235e-06
3.842755000000024e-06
3.842990000000024e-06
3.8432250000000245e-06
3.843460000000025e-06
3.843695000000025e-06
3.8439300000000256e-06
3.844165000000026e-06
3.844400000000026e-06
3.844635000000027e-06
3.844870000000027e-06
3.845105000000027e-06
3.845340000000028e-06
3.845575000000028e-06
3.845810000000028e-06
3.846045000000029e-06
3.846280000000029e-06
3.846515000000029e-06
3.84675000000003e-06
3.84698500000003e-06
3.84722000000003e-06
3.847455000000031e-06
3.847690000000031e-06
3.8479250000000314e-06
3.848160000000032e-06
3.848395000000032e-06
3.8486300000000325e-06
3.848865000000033e-06
3.849100000000033e-06
3.8493350000000335e-06
3.849570000000034e-06
3.849805000000034e-06
3.8500400000000345e-06
3.850275000000035e-06
3.850510000000035e-06
3.850745000000036e-06
3.850980000000036e-06
3.851215000000036e-06
3.851450000000037e-06
3.851685000000037e-06
3.851920000000037e-06
3.852155000000038e-06
3.852390000000038e-06
3.852625000000038e-06
3.852860000000039e-06
3.853095000000039e-06
3.853330000000039e-06
3.85356500000004e-06
3.85380000000004e-06
3.8540350000000404e-06
3.854270000000041e-06
3.854505000000041e-06
3.8547400000000415e-06
3.854975000000042e-06
3.855210000000042e-06
3.8554450000000425e-06
3.855680000000043e-06
3.855915000000043e-06
3.8561500000000435e-06
3.856385000000044e-06
3.856620000000044e-06
3.856855000000045e-06
3.857090000000045e-06
3.857325000000045e-06
3.857560000000046e-06
3.857795000000046e-06
3.858030000000046e-06
3.858265000000047e-06
3.858500000000047e-06
3.858735000000047e-06
3.858970000000048e-06
3.859205000000048e-06
3.859440000000048e-06
3.859675000000049e-06
3.859910000000049e-06
3.860145000000049e-06
3.86038000000005e-06
3.86061500000005e-06
3.8608500000000505e-06
3.861085000000051e-06
3.861320000000051e-06
3.8615550000000515e-06
3.861790000000052e-06
3.862025000000052e-06
3.8622600000000525e-06
3.862495000000053e-06
3.862730000000053e-06
3.8629650000000536e-06
4.250485000000053e-06
4.395040000000053e-06
4.395275000000053e-06
4.395510000000054e-06
4.395745000000054e-06
4.3959800000000544e-06
4.396215000000055e-06
4.396450000000055e-06
4.3966850000000555e-06
4.396920000000056e-06
4.397155000000056e-06
4.3973900000000565e-06
4.397625000000057e-06
4.397860000000057e-06
4.3980950000000575e-06
4.398330000000058e-06
4.398565000000058e-06
4.398800000000059e-06
4.399035000000059e-06
4.399270000000059e-06
4.39950500000006e-06
4.39974000000006e-06
4.39997500000006e-06
4.400210000000061e-06
4.400445000000061e-06
4.400680000000061e-06
4.400915000000062e-06
4.401150000000062e-06
4.401385000000062e-06
4.401620000000063e-06
4.401855000000063e-06
4.402090000000063e-06
4.402325000000064e-06
4.402560000000064e-06
4.4027950000000645e-06
4.403030000000065e-06
4.403265000000065e-06
4.4035000000000655e-06
4.403735000000066e-06
4.403970000000066e-06
4.4042050000000665e-06
4.404440000000067e-06
4.404675000000067e-06
4.4049100000000676e-06
4.405145000000068e-06
4.405380000000068e-06
4.405615000000069e-06
4.405850000000069e-06
4.406085000000069e-06
4.40632000000007e-06
4.40655500000007e-06
4.40679000000007e-06
4.407025000000071e-06
4.407260000000071e-06
4.407495000000071e-06
4.407730000000072e-06
4.407965000000072e-06
4.408200000000072e-06
4.408435000000073e-06
4.408670000000073e-06
4.4089050000000735e-06
4.409140000000074e-06
4.409375000000074e-06
4.4096100000000745e-06
4.409845000000075e-06
4.410080000000075e-06
4.4103150000000755e-06
4.410550000000076e-06
4.410785000000076e-06
4.4110200000000766e-06
4.411255000000077e-06
4.411490000000077e-06
4.411725000000078e-06
4.411960000000078e-06
4.412195000000078e-06
4.412430000000079e-06
4.412665000000079e-06
4.412900000000079e-06
4.41313500000008e-06
4.41337000000008e-06
4.41360500000008e-06
4.413840000000081e-06
4.414075000000081e-06
4.414310000000081e-06
4.414545000000082e-06
4.414780000000082e-06
4.4150150000000824e-06
4.415250000000083e-06
4.415485000000083e-06
4.4157200000000835e-06
4.415955000000084e-06
4.416190000000084e-06
4.4164250000000845e-06
4.416660000000085e-06
4.416895000000085e-06
4.4171300000000856e-06
4.417365000000086e-06
4.804885000000086e-06
4.949440000000085e-06
4.949675000000086e-06
4.949910000000086e-06
4.950145000000086e-06
4.950380000000087e-06
4.950615000000087e-06
4.9508500000000875e-06
4.951085000000088e-06
4.951320000000088e-06
4.9515550000000885e-06
4.951790000000089e-06
4.952025000000089e-06
4.9522600000000895e-06
4.95249500000009e-06
4.95273000000009e-06
4.9529650000000906e-06
4.953200000000091e-06
4.953435000000091e-06
4.953670000000092e-06
4.953905000000092e-06
4.954140000000092e-06
4.954375000000093e-06
4.954610000000093e-06
5.342130000000093e-06
5.4866850000000925e-06
5.486920000000093e-06
5.487155000000093e-06
5.4873900000000935e-06
5.487625000000094e-06
5.487860000000094e-06
5.4880950000000945e-06
5.488330000000095e-06
5.488565000000095e-06
5.488800000000096e-06
5.489035000000096e-06
5.489270000000096e-06
5.489505000000097e-06
5.489740000000097e-06
5.489975000000097e-06
5.490210000000098e-06
5.490445000000098e-06
5.490680000000098e-06
5.490915000000099e-06
5.491150000000099e-06
5.491385000000099e-06
5.4916200000001e-06
5.4918550000001e-06
5.4920900000001e-06
5.492325000000101e-06
5.492560000000101e-06
5.4927950000001015e-06
5.493030000000102e-06
5.493265000000102e-06
5.4935000000001025e-06
5.493735000000103e-06
5.493970000000103e-06
5.895065000000103e-06
6.046900000000103e-06
6.047135000000103e-06
6.047370000000104e-06
6.047605000000104e-06
6.047840000000104e-06
6.048075000000105e-06
6.048310000000105e-06
6.048545000000105e-06
6.048780000000106e-06
6.049015000000106e-06
6.0492500000001064e-06
6.049485000000107e-06
6.049720000000107e-06
6.0499550000001075e-06
6.050190000000108e-06
6.050425000000108e-06
6.0506600000001085e-06
6.050895000000109e-06
6.051130000000109e-06
6.0513650000001096e-06
6.05160000000011e-06
6.05183500000011e-06
6.052070000000111e-06
6.052305000000111e-06
6.052540000000111e-06
6.052775000000112e-06
6.053010000000112e-06
6.053245000000112e-06
6.053480000000113e-06
6.053715000000113e-06
6.053950000000113e-06
6.054185000000114e-06
6.054420000000114e-06
6.054655000000114e-06
6.054890000000115e-06
6.055125000000115e-06
6.0553600000001154e-06
6.055595000000116e-06
6.055830000000116e-06
6.0560650000001165e-06
6.056300000000117e-06
6.056535000000117e-06
6.0567700000001175e-06
6.057005000000118e-06
6.057240000000118e-06
6.0574750000001186e-06
6.057710000000119e-06
6.057945000000119e-06
6.05818000000012e-06
6.05841500000012e-06
6.05865000000012e-06
6.058885000000121e-06
6.059120000000121e-06
6.460215000000121e-06
6.612050000000121e-06
6.612285000000121e-06
6.6125200000001215e-06
6.612755000000122e-06
6.612990000000122e-06
6.6132250000001225e-06
6.613460000000123e-06
6.613695000000123e-06
6.6139300000001235e-06
6.614165000000124e-06
6.614400000000124e-06
6.614635000000125e-06
6.614870000000125e-06
6.615105000000125e-06
6.615340000000126e-06
6.615575000000126e-06
6.615810000000126e-06
6.616045000000127e-06
6.616280000000127e-06
6.616515000000127e-06
6.616750000000128e-06
6.616985000000128e-06
6.617220000000128e-06
6.617455000000129e-06
6.617690000000129e-06
6.6179250000001294e-06
6.61816000000013e-06
6.61839500000013e-06
6.6186300000001305e-06
6.618865000000131e-06
6.619100000000131e-06
6.6193350000001315e-06
6.619570000000132e-06
6.619805000000132e-06
6.6200400000001325e-06
7.007560000000132e-06
7.152115000000132e-06
7.152350000000132e-06
7.152585000000133e-06
7.152820000000133e-06
7.153055000000133e-06
7.153290000000134e-06
7.153525000000134e-06
7.1537600000001344e-06
7.153995000000135e-06
7.154230000000135e-06
7.1544650000001355e-06
7.154700000000136e-06
7.154935000000136e-06
7.1551700000001365e-06
7.155405000000137e-06
7.155640000000137e-06
7.1558750000001375e-06
7.156110000000138e-06
7.156345000000138e-06
7.156580000000139e-06
7.156815000000139e-06
7.157050000000139e-06
7.15728500000014e-06
7.15752000000014e-06
7.15775500000014e-06
7.157990000000141e-06
7.158225000000141e-06
7.158460000000141e-06
7.158695000000142e-06
7.158930000000142e-06
7.159165000000142e-06
7.159400000000143e-06
7.159635000000143e-06
7.1598700000001434e-06
7.160105000000144e-06
7.160340000000144e-06
7.1605750000001445e-06
7.160810000000145e-06
7.161045000000145e-06
7.1612800000001455e-06
7.161515000000146e-06
7.161750000000146e-06
7.1619850000001465e-06
7.162220000000147e-06
7.162455000000147e-06
7.162690000000148e-06
7.162925000000148e-06
7.163160000000148e-06
7.163395000000149e-06
7.163630000000149e-06
7.163865000000149e-06
7.16410000000015e-06
7.16433500000015e-06
7.16457000000015e-06
7.164805000000151e-06
7.165040000000151e-06
7.165275000000151e-06
7.165510000000152e-06
7.165745000000152e-06
7.165980000000152e-06
7.166215000000153e-06
7.166450000000153e-06
7.1666850000001535e-06
7.166920000000154e-06
7.167155000000154e-06
7.1673900000001545e-06
7.167625000000155e-06
7.167860000000155e-06
7.1680950000001555e-06
7.168330000000156e-06
7.168565000000156e-06
7.1688000000001566e-06
7.595095000000157e-06
7.761330000000156e-06
7.761565000000155e-06
8.187860000000155e-06
8.354095000000154e-06
8.354330000000154e-06
9.003805000000153e-06
9.328440000000152e-06
9.328675000000152e-06
9.328910000000151e-06
9.32914500000015e-06
9.32938000000015e-06
9.74210000000015e-06
9.90105500000015e-06
9.90129000000015e-06
9.901525000000149e-06
9.901760000000149e-06
9.901995000000148e-06
9.936535000000149e-06
1.0364095000000148e-05
1.0537770000000148e-05
1.0538005000000147e-05
1.0538240000000147e-05
1.1162515000000147e-05
1.1472750000000147e-05
1.1472985000000146e-05
1.1473220000000146e-05
1.1473455000000145e-05
1.1473690000000145e-05
1.1473925000000144e-05
1.1474160000000144e-05
1.1474395000000143e-05
1.1474630000000143e-05
1.1474865000000142e-05
1.1475100000000142e-05
1.1475335000000141e-05
1.1475570000000141e-05
1.147580500000014e-05
1.147604000000014e-05
1.147627500000014e-05
1.1476510000000139e-05
1.1476745000000138e-05
1.1476980000000138e-05
1.1477215000000137e-05
1.1477450000000137e-05
1.1477685000000136e-05
1.1477920000000136e-05
1.1478155000000135e-05
1.1478390000000135e-05
1.1478625000000134e-05
1.1478860000000134e-05
1.1479095000000133e-05
1.1479330000000133e-05
1.1479565000000132e-05
1.1479800000000132e-05
1.1480035000000131e-05
1.1480270000000131e-05
1.148050500000013e-05
1.148074000000013e-05
1.148097500000013e-05
1.1481210000000129e-05
1.1481445000000128e-05
1.1868965000000129e-05
1.201352000000013e-05
1.2013755000000129e-05
1.2013990000000129e-05
1.2014225000000128e-05
1.2014460000000128e-05
1.2014695000000127e-05
1.2014930000000127e-05
1.2015165000000126e-05
1.2015400000000126e-05
1.2015635000000125e-05
1.2015870000000125e-05
1.2403390000000125e-05
1.3201365000000125e-05
1.3641840000000125e-05
1.3642075000000125e-05
1.3642310000000124e-05
1.3642545000000124e-05
1.3642780000000123e-05
1.3643015000000123e-05
1.3643250000000122e-05
1.3643485000000122e-05
1.3643720000000121e-05
1.364395500000012e-05
1.364419000000012e-05
1.364442500000012e-05
1.364466000000012e-05
1.3644895000000119e-05
1.3645130000000118e-05
1.3645365000000118e-05
1.3645600000000117e-05
1.3645835000000117e-05
1.3646070000000116e-05
1.3646305000000116e-05
1.3646540000000115e-05
1.3646775000000115e-05
1.3647010000000114e-05
1.3647245000000114e-05
1.3647480000000113e-05
1.3647715000000113e-05
1.3647950000000112e-05
1.3648185000000112e-05
1.4364260000000111e-05
1.4732095000000112e-05
1.4732330000000112e-05
1.4732565000000111e-05
1.473280000000011e-05
1.473303500000011e-05
1.475055000000011e-05
1.475822500000011e-05
1.475846000000011e-05
1.475869500000011e-05
1.4758930000000109e-05
1.4759165000000109e-05
1.4759400000000108e-05
1.4759635000000108e-05
1.4759870000000107e-05
1.4760105000000107e-05
1.4760340000000106e-05
1.4760575000000106e-05
1.4760810000000105e-05
1.4761045000000105e-05
1.4761280000000104e-05
1.4761515000000104e-05
1.4761750000000103e-05
1.4761985000000103e-05
1.5188280000000102e-05
1.5354515000000103e-05
1.5354750000000102e-05
1.5354985000000102e-05
1.53552200000001e-05
1.53554550000001e-05
1.53556900000001e-05
1.53559250000001e-05
1.53561600000001e-05
1.53563950000001e-05
1.5356630000000098e-05
1.5356865000000098e-05
1.5357100000000097e-05
1.5357335000000097e-05
1.5357570000000096e-05
1.5745090000000097e-05
1.5889645000000096e-05
1.5889880000000095e-05
1.5890115000000095e-05
1.5890350000000094e-05
1.5890585000000094e-05
1.5890820000000093e-05
1.5891055000000093e-05
1.5891290000000092e-05
1.5891525000000092e-05
1.589176000000009e-05
1.589199500000009e-05
1.589223000000009e-05
1.627975000000009e-05
1.642430500000009e-05
1.642454000000009e-05
1.642477500000009e-05
1.6425010000000088e-05
1.6425245000000088e-05
1.6425480000000087e-05
1.6425715000000087e-05
1.6425950000000086e-05
1.6813470000000087e-05
1.7611445000000087e-05
1.8051920000000085e-05
1.8052155000000085e-05
1.8052390000000084e-05
1.8465110000000086e-05
1.8624065000000086e-05
1.9053040000000086e-05
1.9226475000000086e-05
1.9226710000000085e-05
1.9614230000000086e-05
1.9758785000000085e-05
2.0396635000000084e-05
2.0714150000000084e-05
2.1126870000000085e-05
2.1402230000000087e-05
2.1568545000000086e-05
2.1568780000000086e-05
2.1603395000000085e-05
2.1618270000000085e-05
2.1618505000000085e-05
2.1618740000000084e-05
2.1618975000000084e-05
2.1619210000000083e-05
2.1619445000000083e-05
2.1619680000000082e-05
2.1619915000000082e-05
2.162015000000008e-05
2.162038500000008e-05
2.162062000000008e-05
2.162085500000008e-05
2.162109000000008e-05
2.162132500000008e-05
2.162156000000008e-05
2.1621795000000078e-05
2.1622030000000077e-05
2.1622265000000077e-05
2.1622500000000076e-05
2.1622735000000076e-05
2.1622970000000075e-05
2.1813340000000074e-05
2.2289655000000072e-05
2.263637000000007e-05
2.265388500000007e-05
2.2661560000000072e-05
2.277183000000007e-05
2.282998500000007e-05
2.283022000000007e-05
2.283045500000007e-05
2.283069000000007e-05
2.2830925000000068e-05
2.2831160000000068e-05
2.2831395000000067e-05
2.323249000000007e-05
2.338432500000007e-05
2.341886500000007e-05
2.343366000000007e-05
2.343389500000007e-05
2.343413000000007e-05
2.343436500000007e-05
2.343460000000007e-05
2.3434835000000068e-05
2.3435070000000068e-05
2.3864045000000068e-05
2.4037480000000068e-05
2.4105375000000067e-05
2.4141850000000068e-05
2.4142085000000067e-05
2.4176625000000068e-05
2.419142000000007e-05
2.419165500000007e-05
2.419189000000007e-05
2.4192125000000068e-05
2.4192360000000067e-05
2.4192595000000067e-05
2.4192830000000066e-05
2.4193065000000066e-05
2.4193300000000065e-05
2.4261270000000067e-05
2.4297825000000066e-05
2.4298060000000065e-05
2.4298295000000065e-05
2.4298530000000064e-05
2.4298765000000064e-05
2.4299000000000063e-05
2.4409270000000063e-05
2.446742500000006e-05
2.446766000000006e-05
2.446789500000006e-05
2.446813000000006e-05
2.446836500000006e-05
2.446860000000006e-05
2.446883500000006e-05
2.4469070000000058e-05
2.4469305000000058e-05
2.4469540000000057e-05
2.4469775000000057e-05
2.4470010000000056e-05
2.4470245000000056e-05
2.4470480000000055e-05
2.4470715000000055e-05
2.4470950000000054e-05
2.4471185000000054e-05
2.4471420000000053e-05
2.4471655000000053e-05
2.4471890000000052e-05
2.447212500000005e-05
2.447236000000005e-05
2.447259500000005e-05
2.447283000000005e-05
2.490180500000005e-05
2.507524000000005e-05
2.507547500000005e-05
2.507571000000005e-05
2.507594500000005e-05
2.5076180000000048e-05
2.5076415000000048e-05
2.5076650000000047e-05
2.5076885000000047e-05
2.5077120000000046e-05
2.5077355000000046e-05
2.5077590000000045e-05
2.5077825000000045e-05
2.5078060000000044e-05
2.5078295000000044e-05
2.5078530000000043e-05
2.5078765000000043e-05
2.5079000000000042e-05
2.5079235000000042e-05
2.507947000000004e-05
2.507970500000004e-05
2.507994000000004e-05
2.508017500000004e-05
2.546769500000004e-05
2.561225000000004e-05
2.561248500000004e-05
2.5612720000000038e-05
2.5612955000000038e-05
2.5613190000000037e-05
2.5613425000000037e-05
2.5613660000000036e-05
2.5613895000000036e-05
2.5614130000000035e-05
2.5614365000000035e-05
2.5614600000000034e-05
2.5614835000000034e-05
2.5615070000000033e-05
2.5615305000000033e-05
2.5615540000000032e-05
2.6389215000000033e-05
2.6800250000000032e-05
2.680048500000003e-05
2.680072000000003e-05
2.680095500000003e-05
2.680119000000003e-05
2.680142500000003e-05
2.680166000000003e-05
2.680189500000003e-05
2.6802130000000028e-05
2.6802365000000027e-05
2.6802600000000027e-05
2.6802835000000026e-05
2.6803070000000026e-05
2.6803305000000025e-05
2.6803540000000025e-05
2.6803775000000024e-05
2.6804010000000024e-05
2.6804245000000023e-05
2.6804480000000023e-05
2.6804715000000022e-05
2.6804950000000022e-05
2.680518500000002e-05
2.680542000000002e-05
2.680565500000002e-05
2.680589000000002e-05
2.680612500000002e-05
2.680636000000002e-05
2.680659500000002e-05
2.6806830000000018e-05
2.6807065000000017e-05
2.6807300000000017e-05
2.743157500000002e-05
2.774181000000002e-05
2.774204500000002e-05
2.774228000000002e-05
2.774251500000002e-05
2.7742750000000018e-05
2.7742985000000018e-05
2.7743220000000017e-05
2.7743455000000017e-05
2.7743690000000016e-05
2.7743925000000016e-05
2.7744160000000015e-05
2.7744395000000015e-05
2.7744630000000014e-05
2.7744865000000014e-05
2.7745100000000013e-05
2.7745335000000013e-05
2.7745570000000012e-05
2.7745805000000012e-05
2.774604000000001e-05
2.774627500000001e-05
2.774651000000001e-05
2.774674500000001e-05
2.774698000000001e-05
2.774721500000001e-05
2.7747450000000008e-05
2.7747685000000008e-05
2.7747920000000007e-05
2.7748155000000007e-05
2.7748390000000006e-05
2.7748625000000006e-05
2.7748860000000005e-05
2.7749095000000005e-05
2.7749330000000004e-05
2.7749565000000004e-05
2.7749800000000003e-05
2.7750035000000003e-05
2.7750270000000002e-05
2.7750505000000002e-05
2.775074e-05
2.7750975e-05
2.775121e-05
2.7751445e-05
2.775168e-05
2.7751915e-05
2.7752149999999998e-05
2.7752384999999998e-05
2.8139905e-05
2.8284459999999997e-05
2.8284694999999997e-05
2.8284929999999996e-05
2.8285164999999996e-05
2.8285399999999995e-05
2.8285634999999995e-05
2.8285869999999994e-05
2.8286104999999994e-05
2.8286339999999993e-05
2.8286574999999993e-05
2.8286809999999992e-05
2.8699529999999994e-05
2.8858484999999994e-05
2.8858719999999993e-05
2.8858954999999993e-05
2.8859189999999992e-05
2.8859424999999992e-05
2.885965999999999e-05
2.885989499999999e-05
2.886012999999999e-05
2.886036499999999e-05
2.886059999999999e-05
2.886083499999999e-05
2.8861069999999988e-05
2.8861304999999988e-05
2.8861539999999987e-05
2.8861774999999987e-05
2.8862009999999986e-05
2.8862244999999986e-05
2.8862479999999985e-05
2.8862714999999985e-05
2.9070109999999985e-05
2.9775089999999985e-05
3.0150524999999984e-05
3.0150759999999983e-05
3.0150994999999983e-05
3.0151229999999982e-05
3.015146499999998e-05
3.015169999999998e-05
3.088397499999998e-05
3.126620999999998e-05
3.1266444999999986e-05
3.126667999999999e-05
3.126691499999999e-05
3.1267149999999994e-05
3.1267385e-05
3.126762e-05
3.1267855e-05
3.1268090000000006e-05
3.126832500000001e-05
3.1655845000000006e-05
3.2440245000000005e-05
3.2873440000000006e-05
3.287367500000001e-05
3.287391000000001e-05
3.2874145000000014e-05
3.287438000000002e-05
3.287461500000002e-05
3.287485000000002e-05
3.2875085000000026e-05
3.287532000000003e-05
3.287555500000003e-05
3.2875790000000034e-05
3.287602500000004e-05
3.287626000000004e-05
3.287649500000004e-05
3.2876730000000046e-05
3.287696500000005e-05
3.287720000000005e-05
3.2877435000000055e-05
3.287767000000006e-05
3.287790500000006e-05
3.326542500000006e-05
3.340998000000006e-05
3.341021500000006e-05
3.3410450000000066e-05
3.341068500000007e-05
3.341092000000007e-05
3.3411155000000074e-05
3.341139000000008e-05
3.341162500000008e-05
3.341186000000008e-05
3.3412095000000086e-05
3.341233000000009e-05
3.341256500000009e-05
3.3412800000000095e-05
3.34130350000001e-05
3.34132700000001e-05
3.34135050000001e-05
3.3413740000000106e-05
3.341397500000011e-05
3.341421000000011e-05
3.3414445000000115e-05
3.341468000000012e-05
3.407773000000012e-05
3.4409645000000115e-05
3.440988000000012e-05
3.442732000000012e-05
3.443491500000012e-05
3.4435150000000124e-05
3.443538500000013e-05
3.443562000000013e-05
3.443585500000013e-05
3.4436090000000135e-05
3.443632500000014e-05
3.443656000000014e-05
3.4436795000000144e-05
3.443703000000015e-05
3.443726500000015e-05
3.443750000000015e-05
3.4437735000000156e-05
3.443797000000016e-05
3.443820500000016e-05
3.4438440000000164e-05
3.443867500000017e-05
3.443891000000017e-05
3.443914500000017e-05
3.482666500000017e-05
3.497122000000017e-05
3.4971455000000175e-05
3.497169000000018e-05
3.497192500000018e-05
3.4972160000000184e-05
3.497239500000019e-05
3.497263000000019e-05
3.497286500000019e-05
3.4973100000000195e-05
3.49733350000002e-05
3.49735700000002e-05
3.4973805000000204e-05
3.497404000000021e-05
3.497427500000021e-05
3.497451000000021e-05
3.4974745000000216e-05
3.497498000000022e-05
3.497521500000022e-05
3.4975450000000224e-05
3.497568500000023e-05
3.497592000000023e-05
3.497615500000023e-05
3.4976390000000236e-05
3.497662500000024e-05
3.497686000000024e-05
3.4977095000000245e-05
3.5461045000000245e-05
3.5670560000000245e-05
3.567079500000025e-05
3.567103000000025e-05
3.5671265000000254e-05
3.5671500000000256e-05
3.567173500000026e-05
3.567197000000026e-05
3.5672205000000265e-05
3.567244000000027e-05
3.567267500000027e-05
3.5672910000000274e-05
3.5673145000000277e-05
3.567338000000028e-05
3.567361500000028e-05
3.5673850000000285e-05
3.567408500000029e-05
3.567432000000029e-05
3.5674555000000294e-05
3.56747900000003e-05
3.56750250000003e-05
3.56752600000003e-05
3.5675495000000305e-05
3.567573000000031e-05
3.567596500000031e-05
3.5676200000000314e-05
3.567643500000032e-05
3.5891930000000315e-05
3.601480500000031e-05
3.6015040000000314e-05
3.601527500000032e-05
3.601551000000032e-05
3.641660500000032e-05
3.656844000000032e-05
3.6568675000000325e-05
3.656891000000033e-05
3.656914500000033e-05
3.656938000000033e-05
3.6569615000000336e-05
3.656985000000034e-05
3.657008500000034e-05
3.6570320000000345e-05
3.657055500000035e-05
3.657079000000035e-05
3.6571025000000353e-05
3.6588465000000354e-05
3.6596060000000357e-05
3.659629500000036e-05
3.659653000000036e-05
3.6596765000000365e-05
3.659700000000037e-05
3.659723500000037e-05
3.6597470000000374e-05
3.659770500000038e-05
3.659794000000038e-05
3.659817500000038e-05
3.6598410000000385e-05
3.659864500000039e-05
3.659888000000039e-05
3.6599115000000394e-05
3.65993500000004e-05
3.65995850000004e-05
3.65998200000004e-05
3.6600055000000406e-05
3.660029000000041e-05
3.660052500000041e-05
3.6600760000000414e-05
3.660099500000042e-05
3.660123000000042e-05
3.660146500000042e-05
3.6601700000000426e-05
3.660193500000043e-05
3.660217000000043e-05
3.7139145000000435e-05
3.874037000000044e-05
3.988700500000044e-05
3.988724000000044e-05
3.9887475000000446e-05
3.988771000000045e-05
3.988794500000045e-05
3.9888180000000455e-05
3.988841500000046e-05
3.988865000000046e-05
3.988888500000046e-05
3.9889120000000466e-05
3.988935500000047e-05
3.988959000000047e-05
3.9889825000000475e-05
3.989006000000048e-05
3.989029500000048e-05
3.9890530000000484e-05
3.9890765000000486e-05
3.989100000000049e-05
4.059545000000049e-05
4.095616500000049e-05
4.0956400000000494e-05
4.09566350000005e-05
4.09568700000005e-05
4.09571050000005e-05
4.0957340000000506e-05
4.095757500000051e-05
4.095781000000051e-05
4.0958045000000515e-05
4.095828000000052e-05
4.095851500000052e-05
4.095875000000052e-05
4.0958985000000526e-05
4.095922000000053e-05
4.095945500000053e-05
4.0959690000000535e-05
4.095992500000054e-05
4.096016000000054e-05
4.0960395000000543e-05
4.0960630000000546e-05
4.096086500000055e-05
4.137358500000055e-05
4.153254000000055e-05
4.153277500000055e-05
4.153301000000055e-05
4.1533245000000556e-05
4.153348000000056e-05
4.1962455000000556e-05
4.213589000000056e-05
4.213612500000056e-05
4.2136360000000565e-05
4.213659500000057e-05
4.213683000000057e-05
4.252435000000057e-05
4.266890500000057e-05
4.266914000000057e-05
4.2669375000000576e-05
4.266961000000058e-05
4.266984500000058e-05
4.2670080000000585e-05
4.267031500000059e-05
4.267055000000059e-05
4.267078500000059e-05
4.2671020000000596e-05
4.26712550000006e-05
4.26714900000006e-05
4.2671725000000605e-05
4.267196000000061e-05
4.267219500000061e-05
4.2672430000000614e-05
4.329670500000061e-05
4.360694000000061e-05
4.360717500000061e-05
4.3607410000000616e-05
4.360764500000062e-05
4.360788000000062e-05
4.3608115000000625e-05
4.360835000000063e-05
4.360858500000063e-05
4.360882000000063e-05
4.3609055000000636e-05
4.360929000000064e-05
4.360952500000064e-05
4.3609760000000645e-05
4.360999500000065e-05
4.361023000000065e-05
4.3610465000000653e-05
4.3610700000000656e-05
4.361093500000066e-05
4.361117000000066e-05
4.3611405000000665e-05
4.361164000000067e-05
4.361187500000067e-05
4.3612110000000674e-05
4.3612345000000677e-05
4.361258000000068e-05
4.361281500000068e-05
4.3613050000000685e-05
4.361328500000069e-05
4.361352000000069e-05
4.3613755000000694e-05
4.36139900000007e-05
4.36142250000007e-05
4.36144600000007e-05
4.3614695000000705e-05
4.361493000000071e-05
4.361516500000071e-05
4.3615400000000714e-05
4.361563500000072e-05
4.361587000000072e-05
4.361610500000072e-05
4.3616340000000726e-05
4.361657500000073e-05
4.361681000000073e-05
4.3617045000000734e-05
4.361728000000074e-05
4.361751500000074e-05
4.361775000000074e-05
4.3617985000000746e-05
4.412976000000075e-05
4.436079500000075e-05
4.436103000000075e-05
4.4361265000000755e-05
4.436150000000076e-05
4.436173500000076e-05
4.4361970000000763e-05
4.4362205000000766e-05
4.436244000000077e-05
4.477516000000077e-05
4.493411500000077e-05
4.493435000000077e-05
4.493458500000077e-05
4.4934820000000776e-05
4.493505500000078e-05
4.495249500000078e-05
4.496009000000078e-05
4.4960325000000785e-05
4.496056000000079e-05
4.4978075000000787e-05
4.498575000000079e-05
4.498598500000079e-05
4.502052500000079e-05
4.5035320000000786e-05
4.503555500000079e-05
4.570123000000079e-05
4.604026500000079e-05
4.6040500000000794e-05
4.6040735000000796e-05
4.60409700000008e-05
4.60412050000008e-05
4.6041440000000805e-05
4.604167500000081e-05
4.604191000000081e-05
4.6042145000000814e-05
4.604238000000082e-05
4.604261500000082e-05
4.604285000000082e-05
4.6043085000000825e-05
4.604332000000083e-05
4.604355500000083e-05
4.6043790000000834e-05
4.604402500000084e-05
4.604426000000084e-05
4.604449500000084e-05
4.6044730000000846e-05
4.604496500000085e-05
4.604520000000085e-05
4.6045435000000854e-05
4.604567000000086e-05
4.604590500000086e-05
4.604614000000086e-05
4.6046375000000866e-05
4.604661000000087e-05
4.604684500000087e-05
4.6047080000000874e-05
4.604731500000088e-05
4.604755000000088e-05
4.604778500000088e-05
4.6048020000000886e-05
4.604825500000089e-05
4.604849000000089e-05
4.6048725000000895e-05
4.60489600000009e-05
4.60491950000009e-05
4.60494300000009e-05
4.6084045000000906e-05
4.60989200000009e-05
4.6099155000000906e-05
4.609939000000091e-05
4.609962500000091e-05
4.6099860000000914e-05
4.610009500000092e-05
4.610033000000092e-05
4.610056500000092e-05
4.6100800000000926e-05
4.610103500000093e-05
4.610127000000093e-05
4.6101505000000934e-05
4.610174000000094e-05
4.610197500000094e-05
4.610221000000094e-05
4.6102445000000946e-05
4.610268000000095e-05
4.610291500000095e-05
4.6103150000000955e-05
4.610338500000096e-05
4.610362000000096e-05
4.610385500000096e-05
4.6104090000000966e-05
4.610432500000097e-05
4.610456000000097e-05
4.6104795000000975e-05
4.610503000000098e-05
4.610526500000098e-05
4.6105500000000984e-05
4.6105735000000986e-05
4.610597000000099e-05
4.610620500000099e-05
4.6106440000000995e-05
4.6106675000001e-05
4.6106910000001e-05
4.6107145000001004e-05
4.610738000000101e-05
4.610761500000101e-05
4.610785000000101e-05
4.6108085000001015e-05
4.610832000000102e-05
4.610855500000102e-05
4.6108790000001024e-05
4.610902500000103e-05
4.610926000000103e-05
4.610949500000103e-05
4.6109730000001035e-05
4.610996500000104e-05
4.611020000000104e-05
4.6110435000001044e-05
4.611067000000105e-05
4.611090500000105e-05
4.611114000000105e-05
4.6111375000001056e-05
4.611161000000106e-05
4.611184500000106e-05
4.6112080000001064e-05
4.611231500000107e-05
4.6205485000001066e-05
4.673248500000107e-05
4.697848000000107e-05
4.697871500000107e-05
4.697895000000107e-05
4.6979185000001075e-05
4.697942000000108e-05
4.7366940000001076e-05
4.751149500000108e-05
4.752893500000108e-05
4.798275000000108e-05
4.817826500000108e-05
4.8178500000001084e-05
4.817873500000109e-05
4.8566255000001084e-05
4.8710810000001086e-05
4.871104500000109e-05
4.871128000000109e-05
4.8711515000001095e-05
4.912423500000109e-05
4.928319000000109e-05
4.9283425000001096e-05
4.92836600000011e-05
4.9671180000001096e-05
4.98157350000011e-05
4.98159700000011e-05
4.9816205000001104e-05
4.981644000000111e-05
4.981667500000111e-05
4.981691000000111e-05
4.9817145000001116e-05
4.981738000000112e-05
4.981761500000112e-05
4.9817850000001124e-05
5.023057000000112e-05
5.038952500000112e-05
5.0389760000001125e-05
5.038999500000113e-05
5.039023000000113e-05
5.0390465000001134e-05
5.039070000000114e-05
5.039093500000114e-05
5.039117000000114e-05
5.0391405000001146e-05
5.039164000000115e-05
5.039187500000115e-05
5.0392110000001154e-05
5.039234500000116e-05
5.039258000000116e-05
5.039281500000116e-05
5.0393050000001166e-05
5.039328500000117e-05
5.0608780000001167e-05
5.073165500000116e-05
5.0731890000001166e-05
5.073212500000117e-05
5.074956500000117e-05
5.1157325000001166e-05
5.131660000000117e-05
5.131683500000117e-05
5.1317070000001174e-05
5.170459000000117e-05
5.1849145000001173e-05
5.1849380000001176e-05
5.184961500000118e-05
5.184985000000118e-05
5.1850085000001185e-05
5.185032000000119e-05
5.185055500000119e-05
5.1850790000001194e-05
5.223831000000119e-05
5.238286500000119e-05
5.313134000000119e-05
5.352797500000119e-05
5.3528210000001194e-05
5.3528445000001196e-05
5.35286800000012e-05
5.35289150000012e-05
5.3529150000001205e-05
5.352938500000121e-05
5.352962000000121e-05
5.3529855000001214e-05
5.353009000000122e-05
5.353032500000122e-05
5.353056000000122e-05
5.3530795000001225e-05
5.353103000000123e-05
5.353126500000123e-05
5.3531500000001234e-05
5.353173500000124e-05
5.353197000000124e-05
5.353220500000124e-05
5.3532440000001246e-05
5.353267500000125e-05
5.353291000000125e-05
5.3533145000001254e-05
5.353338000000126e-05
5.353361500000126e-05
5.353385000000126e-05
5.3534085000001266e-05
5.353432000000127e-05
5.353455500000127e-05
5.3534790000001274e-05
5.353502500000128e-05
5.353526000000128e-05
5.353549500000128e-05
5.3535730000001286e-05
5.353596500000129e-05
5.360393500000129e-05
5.364049000000129e-05
5.364072500000129e-05
5.3640960000001295e-05
5.36411950000013e-05
5.36414300000013e-05
5.3641665000001304e-05
5.364190000000131e-05
5.364213500000131e-05
5.364237000000131e-05
5.3642605000001315e-05
5.364284000000132e-05
5.364307500000132e-05
5.3643310000001324e-05
5.3736405000001324e-05
5.3787280000001326e-05
5.378751500000133e-05
5.378775000000133e-05
5.3787985000001335e-05
5.378822000000134e-05
5.378845500000134e-05
5.378869000000134e-05
5.3788925000001346e-05
5.378916000000135e-05
5.378939500000135e-05
5.3789630000001355e-05
5.378986500000136e-05
5.379010000000136e-05
5.3790335000001363e-05
5.3790570000001366e-05
5.379080500000137e-05
5.379104000000137e-05
5.3791275000001375e-05
5.379151000000138e-05
5.379174500000138e-05
5.3791980000001384e-05
5.3792215000001387e-05
5.379245000000139e-05
5.379268500000139e-05
5.3792920000001395e-05
5.37931550000014e-05
5.37933900000014e-05
5.3793625000001404e-05
5.379386000000141e-05
5.379409500000141e-05
5.379433000000141e-05
5.3794565000001415e-05
5.379480000000142e-05
5.379503500000142e-05
5.3795270000001424e-05
5.379550500000143e-05
5.379574000000143e-05
5.379597500000143e-05
5.3796210000001436e-05
5.379644500000144e-05
5.379668000000144e-05
5.3796915000001444e-05
5.379715000000145e-05
5.379738500000145e-05
5.379762000000145e-05
5.3797855000001456e-05
5.379809000000146e-05
5.379832500000146e-05
5.3798560000001464e-05
5.379879500000147e-05
5.379903000000147e-05
5.379926500000147e-05
5.3799500000001476e-05
5.379973500000148e-05
5.379997000000148e-05
5.3800205000001485e-05
5.380044000000149e-05
5.380067500000149e-05
5.380091000000149e-05
5.3801145000001496e-05
5.38013800000015e-05
5.38016150000015e-05
5.3801850000001505e-05
5.380208500000151e-05
5.380232000000151e-05
5.3802555000001514e-05
5.3802790000001516e-05
5.380302500000152e-05
5.380326000000152e-05
5.3803495000001525e-05
5.380373000000153e-05
5.380396500000153e-05
5.3804200000001534e-05
5.380443500000154e-05
5.380467000000154e-05
5.380490500000154e-05
5.3805140000001545e-05
5.380537500000155e-05
5.380561000000155e-05
5.3805845000001554e-05
5.380608000000156e-05
5.380631500000156e-05
5.380655000000156e-05
5.3806785000001566e-05
5.380702000000157e-05
5.380725500000157e-05
5.3807490000001574e-05
5.380772500000158e-05
5.380796000000158e-05
5.380819500000158e-05
5.3808430000001586e-05
5.380866500000159e-05
5.380890000000159e-05
5.3809135000001594e-05
5.38093700000016e-05
5.38096050000016e-05
5.38098400000016e-05
5.3810075000001606e-05
5.381031000000161e-05
5.381054500000161e-05
5.3810780000001615e-05
5.381101500000162e-05
5.381125000000162e-05
5.381148500000162e-05
5.3811720000001626e-05
5.381195500000163e-05
5.381219000000163e-05
5.3812425000001635e-05
5.381266000000164e-05
5.381289500000164e-05
5.3813130000001643e-05
5.3813365000001646e-05
5.381360000000165e-05
5.381383500000165e-05
5.3814070000001655e-05
5.381430500000166e-05
5.381454000000166e-05
5.3814775000001664e-05
5.3815010000001667e-05
5.381524500000167e-05
5.381548000000167e-05
5.3815715000001675e-05
5.381595000000168e-05
5.381618500000168e-05
5.3816420000001684e-05
5.381665500000169e-05
5.381689000000169e-05
5.381712500000169e-05
5.3817360000001695e-05
5.38175950000017e-05
5.38178300000017e-05
5.42305500000017e-05
5.43895050000017e-05
5.43897400000017e-05
5.4389975000001705e-05
5.439021000000171e-05
5.4802930000001706e-05
5.4961885000001706e-05
5.496212000000171e-05
5.496235500000171e-05
5.4962590000001715e-05
5.496282500000172e-05
5.496306000000172e-05
5.4963295000001724e-05
5.4963530000001727e-05
5.496376500000173e-05
5.496400000000173e-05
5.4964235000001735e-05
5.496447000000174e-05
5.5351990000001735e-05
5.549654500000174e-05
5.549678000000174e-05
5.549701500000174e-05
5.5497250000001746e-05
5.549748500000175e-05
5.549772000000175e-05
5.5497955000001755e-05
5.549819000000176e-05
5.549842500000176e-05
5.6739415000001764e-05
5.7417090000001764e-05
5.741732500000177e-05
5.741756000000177e-05
5.741779500000177e-05
5.7418030000001776e-05
5.741826500000178e-05
5.741850000000178e-05
5.7418735000001784e-05
5.741897000000179e-05
5.741920500000179e-05
5.741944000000179e-05
5.7419675000001796e-05
5.74199100000018e-05
5.74201450000018e-05
5.7420380000001804e-05
5.742061500000181e-05
5.742085000000181e-05
5.742108500000181e-05
5.7421320000001816e-05
5.742155500000182e-05
5.742179000000182e-05
5.7422025000001825e-05
5.742226000000183e-05
5.742249500000183e-05
5.742273000000183e-05
5.7422965000001836e-05
5.742320000000184e-05
5.742343500000184e-05
5.7423670000001845e-05
5.742390500000185e-05
5.742414000000185e-05
5.7424375000001854e-05
5.7424610000001856e-05
5.742484500000186e-05
5.742508000000186e-05
5.7425315000001865e-05
5.742555000000187e-05
5.742578500000187e-05
5.7426020000001874e-05
5.742625500000188e-05
5.742649000000188e-05
5.742672500000188e-05
5.7426960000001885e-05
5.742719500000189e-05
5.742743000000189e-05
5.7427665000001894e-05
5.74279000000019e-05
5.74281350000019e-05
5.74283700000019e-05
5.7428605000001906e-05
5.742884000000191e-05
5.742907500000191e-05
5.7429310000001914e-05
5.742954500000192e-05
5.742978000000192e-05
5.743001500000192e-05
5.7430250000001926e-05
5.743048500000193e-05
5.743072000000193e-05
5.7430955000001934e-05
5.743119000000194e-05
5.743142500000194e-05
5.743166000000194e-05
5.7431895000001946e-05
5.743213000000195e-05
5.743236500000195e-05
5.7432600000001955e-05
5.743283500000196e-05
5.7845555000001956e-05
5.8004510000001956e-05
5.800474500000196e-05
5.800498000000196e-05
5.8005215000001964e-05
5.800545000000197e-05
5.800568500000197e-05
5.800592000000197e-05
5.8006155000001976e-05
5.800639000000198e-05
5.800662500000198e-05
5.8006860000001985e-05
5.800709500000199e-05
5.800733000000199e-05
5.859654000000199e-05
5.889965500000199e-05
5.889989000000199e-05
5.8900125000001996e-05
5.8900360000002e-05
5.8900595000002e-05
5.8900830000002005e-05
5.890106500000201e-05
5.890130000000201e-05
5.8901535000002013e-05
5.8901770000002016e-05
5.890200500000202e-05
5.890224000000202e-05
5.8902475000002025e-05
5.890271000000203e-05
5.890294500000203e-05
5.8903180000002034e-05
5.8903415000002036e-05
5.890365000000204e-05
5.890388500000204e-05
5.8904120000002045e-05
5.890435500000205e-05
5.890459000000205e-05
5.8904825000002054e-05
5.890506000000206e-05
5.890529500000206e-05
5.890553000000206e-05
5.8905765000002065e-05
5.890600000000207e-05
5.890623500000207e-05
5.8906470000002074e-05
5.890670500000208e-05
5.890694000000208e-05
5.890717500000208e-05
5.8907410000002086e-05
5.890764500000209e-05
5.890788000000209e-05
5.947005500000209e-05
5.972989000000209e-05
5.9730125000002095e-05
5.97303600000021e-05
5.97305950000021e-05
5.9730830000002104e-05
5.9731065000002106e-05
5.973130000000211e-05
5.973153500000211e-05
5.9731770000002115e-05
5.973200500000212e-05
5.973224000000212e-05
5.9732475000002124e-05
5.973271000000213e-05
5.973294500000213e-05
5.973318000000213e-05
5.9733415000002135e-05
5.973365000000214e-05
5.973388500000214e-05
5.9734120000002144e-05
5.973435500000215e-05
5.973459000000215e-05
5.973482500000215e-05
5.9735060000002155e-05
5.973529500000216e-05
5.973553000000216e-05
5.9735765000002164e-05
5.973600000000217e-05
5.973623500000217e-05
5.973647000000217e-05
5.9736705000002176e-05
5.973694000000218e-05
5.973717500000218e-05
5.9737410000002184e-05
5.973764500000219e-05
5.973788000000219e-05
5.973811500000219e-05
5.9738350000002196e-05
5.97385850000022e-05
5.97388200000022e-05
5.9739055000002205e-05
5.973929000000221e-05
5.973952500000221e-05
5.973976000000221e-05
5.9757200000002214e-05
5.9764795000002216e-05
5.976503000000222e-05
5.976526500000222e-05
5.9765500000002225e-05
5.976573500000223e-05
5.976597000000223e-05
5.9766205000002234e-05
5.9766440000002236e-05
5.976667500000224e-05
5.976691000000224e-05
5.9767145000002245e-05
5.976738000000225e-05
5.976761500000225e-05
5.9767850000002254e-05
5.976808500000226e-05
5.976832000000226e-05
5.976855500000226e-05
5.9768790000002265e-05
5.976902500000227e-05
5.976926000000227e-05
5.9769495000002274e-05
5.976973000000228e-05
5.976996500000228e-05
5.977020000000228e-05
5.9770435000002286e-05
5.977067000000229e-05
5.977090500000229e-05
5.9771140000002294e-05
5.97713750000023e-05
5.97716100000023e-05
5.97718450000023e-05
5.9772080000002306e-05
5.977231500000231e-05
5.977255000000231e-05
5.9772785000002314e-05
5.977302000000232e-05
6.024339500000232e-05
6.0445630000002316e-05
6.044586500000232e-05
6.044610000000232e-05
6.0446335000002324e-05
6.044657000000233e-05
6.044680500000233e-05
6.044704000000233e-05
6.0447275000002336e-05
6.044751000000234e-05
6.044774500000234e-05
6.0447980000002344e-05
6.044821500000235e-05
6.044845000000235e-05
6.044868500000235e-05
6.0448920000002356e-05
6.044915500000236e-05
6.044939000000236e-05
6.0449625000002365e-05
6.0887545000002364e-05
6.106090000000237e-05
6.106113500000236e-05
6.106137000000236e-05
6.106160500000236e-05
6.106184000000235e-05
6.106207500000235e-05
6.106231000000235e-05
6.106254500000234e-05
6.106278000000234e-05
6.106301500000233e-05
6.106325000000233e-05
6.106348500000233e-05
6.106372000000232e-05
6.106395500000232e-05
6.106419000000231e-05
6.106442500000231e-05
6.10646600000023e-05
6.10648950000023e-05
6.10651300000023e-05
6.10653650000023e-05
6.106560000000229e-05
6.106583500000229e-05
6.106607000000228e-05
6.106630500000228e-05
6.106654000000228e-05
6.106677500000227e-05
6.106701000000227e-05
6.106724500000226e-05
6.106748000000226e-05
6.106771500000226e-05
6.106795000000225e-05
6.106818500000225e-05
6.106842000000224e-05
6.106865500000224e-05
6.106889000000224e-05
6.106912500000223e-05
6.113702000000223e-05
6.121342500000223e-05
6.125734000000223e-05
6.125757500000223e-05
6.125781000000222e-05
6.125804500000222e-05
6.125828000000222e-05
6.125851500000221e-05
6.125875000000221e-05
6.12589850000022e-05
6.12592200000022e-05
6.12594550000022e-05
6.12596900000022e-05
6.125992500000219e-05
6.126016000000219e-05
6.126039500000218e-05
6.126063000000218e-05
6.126086500000217e-05
6.126110000000217e-05
6.126133500000217e-05
6.126157000000216e-05
6.126180500000216e-05
6.126204000000215e-05
6.126227500000215e-05
6.126251000000215e-05
6.126274500000214e-05
6.126298000000214e-05
6.126321500000214e-05
6.126345000000213e-05
6.126368500000213e-05
6.126392000000212e-05
6.126415500000212e-05
6.126439000000212e-05
6.126462500000211e-05
6.126486000000211e-05
6.183689500000211e-05
6.21327300000021e-05
6.21329650000021e-05
6.21332000000021e-05
6.21334350000021e-05
6.213367000000209e-05
6.213390500000209e-05
6.213414000000208e-05
6.213437500000208e-05
6.213461000000207e-05
6.213484500000207e-05
6.213508000000207e-05
6.213531500000206e-05
6.213555000000206e-05
6.213578500000205e-05
6.213602000000205e-05
6.213625500000205e-05
6.213649000000204e-05
6.213672500000204e-05
6.213696000000204e-05
6.213719500000203e-05
6.213743000000203e-05
6.213766500000202e-05
6.213790000000202e-05
6.213813500000202e-05
6.213837000000201e-05
6.213860500000201e-05
6.2138840000002e-05
6.2139075000002e-05
6.2139310000002e-05
6.213954500000199e-05
6.213978000000199e-05
6.214001500000198e-05
6.214025000000198e-05
6.214048500000198e-05
6.214072000000197e-05
6.214095500000197e-05
6.214119000000197e-05
6.214142500000196e-05
6.214166000000196e-05
6.214189500000195e-05
6.214213000000195e-05
6.214236500000195e-05
6.214260000000194e-05
6.214283500000194e-05
6.214307000000193e-05
6.214330500000193e-05
6.214354000000193e-05
6.214377500000192e-05
6.214401000000192e-05
6.214424500000191e-05
6.214448000000191e-05
6.21447150000019e-05
6.21449500000019e-05
6.21451850000019e-05
6.21454200000019e-05
6.214565500000189e-05
6.214589000000189e-05
6.214612500000188e-05
6.214636000000188e-05
6.214659500000188e-05
6.214683000000187e-05
6.214706500000187e-05
6.214730000000186e-05
6.214753500000186e-05
6.214777000000186e-05
6.214800500000185e-05
6.214824000000185e-05
6.214847500000184e-05
6.214871000000184e-05
6.214894500000184e-05
6.214918000000183e-05
6.214941500000183e-05
6.214965000000183e-05
6.214988500000182e-05
6.215012000000182e-05
6.215035500000181e-05
6.215059000000181e-05
6.21508250000018e-05
6.21510600000018e-05
6.21512950000018e-05
6.21515300000018e-05
6.215176500000179e-05
6.215200000000179e-05
6.215223500000178e-05
6.215247000000178e-05
6.215270500000177e-05
6.215294000000177e-05
6.215317500000177e-05
6.215341000000176e-05
6.215364500000176e-05
6.215388000000175e-05
6.215411500000175e-05
6.215435000000175e-05
6.215458500000174e-05
6.215482000000174e-05
6.263151500000174e-05
6.282655000000174e-05
6.282678500000174e-05
6.282702000000174e-05
6.326494000000174e-05
6.343829500000175e-05
6.343853000000174e-05
6.343876500000174e-05
6.343900000000173e-05
6.343923500000173e-05
6.343947000000173e-05
6.343970500000172e-05
6.343994000000172e-05
6.344017500000172e-05
6.344041000000171e-05
6.344064500000171e-05
6.34408800000017e-05
6.34411150000017e-05
6.34413500000017e-05
6.344158500000169e-05
6.344182000000169e-05
6.344205500000168e-05
6.344229000000168e-05
6.344252500000168e-05
6.344276000000167e-05
6.344299500000167e-05
6.344323000000166e-05
6.344346500000166e-05
6.344370000000166e-05
6.344393500000165e-05
6.344417000000165e-05
6.344440500000165e-05
6.344464000000164e-05
6.344487500000164e-05
6.344511000000163e-05
6.344534500000163e-05
6.344558000000163e-05
6.344581500000162e-05
6.344605000000162e-05
6.344628500000161e-05
6.344652000000161e-05
6.34467550000016e-05
6.34469900000016e-05
6.34472250000016e-05
6.34474600000016e-05
6.344769500000159e-05
6.344793000000159e-05
6.344816500000158e-05
6.344840000000158e-05
6.344863500000158e-05
6.344887000000157e-05
6.344910500000157e-05
6.344934000000156e-05
6.344957500000156e-05
6.344981000000156e-05
6.345004500000155e-05
6.345028000000155e-05
6.345051500000154e-05
6.345075000000154e-05
6.345098500000154e-05
6.345122000000153e-05
6.345145500000153e-05
6.396960500000152e-05
6.419352000000153e-05
6.419375500000152e-05
6.419399000000152e-05
6.419422500000152e-05
6.419446000000151e-05
6.419469500000151e-05
6.41949300000015e-05
6.41951650000015e-05
6.41954000000015e-05
6.419563500000149e-05
6.419587000000149e-05
6.419610500000148e-05
6.460882500000149e-05
6.476778000000149e-05
6.476801500000149e-05
6.476825000000148e-05
6.476848500000148e-05
6.476872000000147e-05
6.487899000000148e-05
6.493714500000147e-05
6.493738000000147e-05
6.493761500000146e-05
6.493785000000146e-05
6.493808500000146e-05
6.493832000000145e-05
6.493855500000145e-05
6.493879000000145e-05
6.493902500000144e-05
6.505732000000144e-05
6.512259500000145e-05
6.569463000000145e-05
6.599046500000145e-05
6.599070000000144e-05
6.599093500000144e-05
6.599117000000143e-05
6.599140500000143e-05
6.599164000000143e-05
6.599187500000142e-05
6.599211000000142e-05
6.599234500000141e-05
6.599258000000141e-05
6.59928150000014e-05
6.59930500000014e-05
6.59932850000014e-05
6.59935200000014e-05
6.599375500000139e-05
6.599399000000139e-05
6.599422500000138e-05
6.663207500000139e-05
6.69495900000014e-05
6.694982500000139e-05
6.695006000000139e-05
6.695029500000138e-05
6.695053000000138e-05
6.695076500000138e-05
6.695100000000137e-05
6.695123500000137e-05
6.696867500000137e-05
6.697627000000136e-05
6.697650500000136e-05
6.697674000000136e-05
6.697697500000135e-05
6.697721000000135e-05
6.697744500000134e-05
6.697768000000134e-05
6.697791500000134e-05
6.697815000000133e-05
6.697838500000133e-05
6.697862000000133e-05
6.697885500000132e-05
6.820627000000132e-05
6.887666500000132e-05
6.887690000000132e-05
6.887713500000132e-05
6.887737000000131e-05
6.887760500000131e-05
6.88778400000013e-05
6.88780750000013e-05
6.88783100000013e-05
6.887854500000129e-05
6.887878000000129e-05
6.887901500000128e-05
6.887925000000128e-05
6.887948500000128e-05
6.887972000000127e-05
6.887995500000127e-05
6.888019000000126e-05
6.888042500000126e-05
6.888066000000126e-05
6.888089500000125e-05
6.888113000000125e-05
6.888136500000125e-05
6.888160000000124e-05
6.888183500000124e-05
6.888207000000123e-05
6.888230500000123e-05
6.888254000000123e-05
6.888277500000122e-05
6.888301000000122e-05
6.888324500000121e-05
6.888348000000121e-05
6.88837150000012e-05
6.88839500000012e-05
6.88841850000012e-05
6.88844200000012e-05
6.888465500000119e-05
6.888489000000119e-05
6.888512500000118e-05
6.895302000000118e-05
6.904645000000119e-05
6.909748500000119e-05
6.909772000000118e-05
6.909795500000118e-05
6.909819000000117e-05
6.909842500000117e-05
6.909866000000117e-05
6.909889500000116e-05
6.909913000000116e-05
6.909936500000115e-05
6.909960000000115e-05
6.909983500000115e-05
6.910007000000114e-05
6.910030500000114e-05
6.910054000000113e-05
6.910077500000113e-05
6.910101000000113e-05
6.910124500000112e-05
6.910148000000112e-05
6.910171500000112e-05
6.910195000000111e-05
6.910218500000111e-05
6.91024200000011e-05
6.91026550000011e-05
6.91028900000011e-05
6.910312500000109e-05
6.910336000000109e-05
6.910359500000108e-05
6.910383000000108e-05
6.910406500000108e-05
6.910430000000107e-05
6.910453500000107e-05
6.910477000000106e-05
6.910500500000106e-05
6.910524000000106e-05
6.910547500000105e-05
6.910571000000105e-05
6.910594500000105e-05
6.910618000000104e-05
6.910641500000104e-05
6.910665000000103e-05
6.910688500000103e-05
6.910712000000103e-05
6.910735500000102e-05
6.910759000000102e-05
6.910782500000101e-05
6.912526500000101e-05
6.918886500000102e-05
6.921822000000102e-05
6.921845500000101e-05
6.921869000000101e-05
6.9707010000001e-05
6.9909165000001e-05
6.9909400000001e-05
6.9909635000001e-05
6.9909870000001e-05
6.991010500000099e-05
6.991034000000099e-05
6.991057500000098e-05
6.991081000000098e-05
6.991104500000097e-05
6.991128000000097e-05
6.991151500000097e-05
7.032423500000097e-05
7.048319000000097e-05
7.048342500000097e-05
7.048366000000096e-05
7.048389500000096e-05
7.048413000000096e-05
7.048436500000095e-05
7.048460000000095e-05
7.048483500000094e-05
7.048507000000094e-05
7.048530500000094e-05
7.048554000000093e-05
7.048577500000093e-05
7.048601000000092e-05
7.048624500000092e-05
7.048648000000092e-05
7.048671500000091e-05
7.048695000000091e-05
7.04871850000009e-05
7.04874200000009e-05
7.04876550000009e-05
7.04878900000009e-05
7.048812500000089e-05
7.048836000000089e-05
7.048859500000088e-05
7.048883000000088e-05
7.048906500000087e-05
7.048930000000087e-05
7.048953500000087e-05
7.048977000000086e-05
7.049000500000086e-05
7.049024000000085e-05
7.099481500000085e-05
7.121145000000085e-05
7.121168500000085e-05
7.121192000000084e-05
7.121215500000084e-05
7.121239000000084e-05
7.121262500000083e-05
7.121286000000083e-05
7.121309500000082e-05
7.121333000000082e-05
7.121356500000082e-05
7.121380000000081e-05
7.121403500000081e-05
7.12142700000008e-05
7.12145050000008e-05
7.12147400000008e-05
7.121497500000079e-05
7.121521000000079e-05
7.121544500000079e-05
7.121568000000078e-05
7.121591500000078e-05
7.121615000000077e-05
7.164244500000077e-05
7.180868000000077e-05
7.180891500000076e-05
7.180915000000076e-05
7.239836000000076e-05
7.270147500000077e-05
7.270171000000076e-05
7.270194500000076e-05
7.270218000000075e-05
7.270241500000075e-05
7.270265000000075e-05
7.270288500000074e-05
7.270312000000074e-05
7.270335500000073e-05
7.270359000000073e-05
7.270382500000073e-05
7.270406000000072e-05
7.270429500000072e-05
7.270453000000072e-05
7.270476500000071e-05
7.270500000000071e-05
7.27052350000007e-05
7.27054700000007e-05
7.27057050000007e-05
7.270594000000069e-05
7.270617500000069e-05
7.270641000000068e-05
7.270664500000068e-05
7.270688000000068e-05
7.270711500000067e-05
7.270735000000067e-05
7.270758500000066e-05
7.270782000000066e-05
7.270805500000066e-05
7.270829000000065e-05
7.270852500000065e-05
7.270876000000065e-05
7.270899500000064e-05
7.270923000000064e-05
7.270946500000063e-05
7.312218500000064e-05
7.328114000000064e-05
7.328137500000063e-05
7.328161000000063e-05
7.328184500000063e-05
7.328208000000062e-05
7.328231500000062e-05
7.328255000000062e-05
7.328278500000061e-05
7.328302000000061e-05
7.32832550000006e-05
7.32834900000006e-05
7.32837250000006e-05
7.328396000000059e-05
7.328419500000059e-05
7.328443000000058e-05
7.328466500000058e-05
7.328490000000058e-05
7.328513500000057e-05
7.328537000000057e-05
7.328560500000056e-05
7.328584000000056e-05
7.328607500000056e-05
7.328631000000055e-05
7.328654500000055e-05
7.328678000000055e-05
7.328701500000054e-05
7.328725000000054e-05
7.328748500000053e-05
7.328772000000053e-05
7.328795500000053e-05
7.328819000000052e-05
7.328842500000052e-05
7.328866000000051e-05
7.328889500000051e-05
7.32891300000005e-05
7.32893650000005e-05
7.32896000000005e-05
7.32898350000005e-05
7.329007000000049e-05
7.329030500000049e-05
7.329054000000048e-05
7.329077500000048e-05
7.329101000000048e-05
7.329124500000047e-05
7.329148000000047e-05
7.329171500000046e-05
7.329195000000046e-05
7.329218500000046e-05
7.329242000000045e-05
7.329265500000045e-05
7.329289000000044e-05
7.331033000000044e-05
7.331792500000044e-05
7.331816000000044e-05
7.331839500000043e-05
7.331863000000043e-05
7.374492500000043e-05
7.391116000000042e-05
7.391139500000042e-05
7.391163000000041e-05
7.391186500000041e-05
7.39121000000004e-05
7.39123350000004e-05
7.39125700000004e-05
7.39128050000004e-05
7.391304000000039e-05
7.391327500000039e-05
7.391351000000038e-05
7.391374500000038e-05
7.391398000000038e-05
7.391421500000037e-05
7.391445000000037e-05
7.391468500000036e-05
7.391492000000036e-05
7.391515500000036e-05
7.391539000000035e-05
7.391562500000035e-05
7.391586000000034e-05
7.391609500000034e-05
7.391633000000034e-05
7.391656500000033e-05
7.391680000000033e-05
7.391703500000032e-05
7.391727000000032e-05
7.391750500000032e-05
7.391774000000031e-05
7.391797500000031e-05
7.39182100000003e-05
7.39184450000003e-05
7.39186800000003e-05
7.39189150000003e-05
7.391915000000029e-05
7.391938500000029e-05
7.391962000000028e-05
7.393713500000028e-05
7.394481000000028e-05
7.394504500000028e-05
7.394528000000027e-05
7.394551500000027e-05
7.394575000000027e-05
7.394598500000026e-05
7.394622000000026e-05
7.394645500000026e-05
7.396389500000026e-05
7.397149000000025e-05
7.397172500000025e-05
7.397196000000024e-05
7.397219500000024e-05
7.397243000000024e-05
7.397266500000023e-05
7.397290000000023e-05
7.397313500000022e-05
7.397337000000022e-05
7.440234500000022e-05
7.457578000000021e-05
7.457601500000021e-05
7.45762500000002e-05
7.45764850000002e-05
7.45767200000002e-05
7.45769550000002e-05
7.457719000000019e-05
7.457742500000019e-05
7.459486500000019e-05
7.460246000000018e-05
7.460269500000018e-05
7.460293000000018e-05
7.460316500000017e-05
7.460340000000017e-05
7.460363500000016e-05
7.460387000000016e-05
7.460410500000016e-05
7.460434000000015e-05
7.460457500000015e-05
7.460481000000014e-05
7.460504500000014e-05
7.460528000000014e-05
7.460551500000013e-05
7.460575000000013e-05
7.460598500000012e-05
7.460622000000012e-05
7.460645500000012e-05
7.460669000000011e-05
7.460692500000011e-05
7.46071600000001e-05
7.46073950000001e-05
7.50913450000001e-05
7.53008600000001e-05
7.53010950000001e-05
7.53013300000001e-05
7.530156500000009e-05
7.530180000000009e-05
7.530203500000008e-05
7.530227000000008e-05
7.530250500000007e-05
7.530274000000007e-05
7.530297500000007e-05
7.530321000000006e-05
7.530344500000006e-05
7.530368000000005e-05
7.530391500000005e-05
7.530415000000005e-05
7.530438500000004e-05
7.530462000000004e-05
7.530485500000004e-05
7.530509000000003e-05
7.530532500000003e-05
7.530556000000002e-05
7.530579500000002e-05
7.530603000000002e-05
7.530626500000001e-05
7.530650000000001e-05
7.534927e-05
7.5371425e-05
7.537166e-05
7.5371895e-05
7.537212999999999e-05
7.537236499999999e-05
7.537259999999998e-05
7.537283499999998e-05
7.537306999999998e-05
7.537330499999997e-05
7.537353999999997e-05
7.537377499999996e-05
7.537400999999996e-05
7.537424499999996e-05
7.537447999999995e-05
7.537471499999995e-05
7.588648999999995e-05
7.611752499999995e-05
7.611775999999995e-05
7.611799499999994e-05
7.611822999999994e-05
7.611846499999994e-05
7.611869999999993e-05
7.611893499999993e-05
7.611916999999992e-05
7.611940499999992e-05
7.611963999999992e-05
7.611987499999991e-05
7.612010999999991e-05
7.61203449999999e-05
7.61205799999999e-05
7.61208149999999e-05
7.61210499999999e-05
7.652214499999989e-05
7.66739799999999e-05
7.667421499999989e-05
7.669165499999989e-05
7.669924999999989e-05
7.669948499999988e-05
7.669971999999988e-05
7.727175499999988e-05
7.756758999999988e-05
7.756782499999987e-05
7.756805999999987e-05
7.756829499999986e-05
7.756852999999986e-05
7.756876499999986e-05
7.756899999999985e-05
7.756923499999985e-05
7.756946999999985e-05
7.756970499999984e-05
7.756993999999984e-05
7.757017499999983e-05
7.757040999999983e-05
7.757064499999983e-05
7.757087999999982e-05
7.757111499999982e-05
7.757134999999981e-05
7.757158499999981e-05
7.75718199999998e-05
7.75720549999998e-05
7.75722899999998e-05
7.75725249999998e-05
7.757275999999979e-05
7.757299499999979e-05
7.757322999999978e-05
7.757346499999978e-05
7.757369999999978e-05
7.757393499999977e-05
7.757416999999977e-05
7.757440499999976e-05
7.757463999999976e-05
7.757487499999976e-05
7.757510999999975e-05
7.757534499999975e-05
7.757557999999974e-05
7.757581499999974e-05
7.757604999999974e-05
7.757628499999973e-05
7.757651999999973e-05
7.757675499999972e-05
7.757698999999972e-05
7.757722499999972e-05
7.757745999999971e-05
7.757769499999971e-05
7.75779299999997e-05
7.75953699999997e-05
7.76029649999997e-05
7.76031999999997e-05
7.76034349999997e-05
7.760366999999969e-05
7.760390499999969e-05
7.760413999999968e-05
7.760437499999968e-05
7.760460999999967e-05
7.760484499999967e-05
7.760507999999967e-05
7.760531499999966e-05
7.760554999999966e-05
7.760578499999965e-05
7.760601999999965e-05
7.760625499999965e-05
7.760648999999964e-05
7.760672499999964e-05
7.760695999999964e-05
7.760719499999963e-05
7.760742999999963e-05
7.760766499999962e-05
7.760789999999962e-05
7.760813499999962e-05
7.760836999999961e-05
7.767626499999961e-05
7.771273999999961e-05
7.77129749999996e-05
7.77132099999996e-05
7.77134449999996e-05
7.771367999999959e-05
7.77311199999996e-05
7.773871499999959e-05
7.773894999999959e-05
7.773918499999958e-05
7.815190499999959e-05
7.831085999999959e-05
7.831109499999958e-05
7.831132999999958e-05
7.831156499999957e-05
7.831179999999957e-05
7.831203499999957e-05
7.831226999999956e-05
7.831250499999956e-05
7.831273999999956e-05
7.831297499999955e-05
7.831320999999955e-05
7.831344499999954e-05
7.831367999999954e-05
7.831391499999954e-05
7.831414999999953e-05
7.831438499999953e-05
7.831461999999952e-05
7.831485499999952e-05
7.831508999999952e-05
7.831532499999951e-05
7.831555999999951e-05
7.83157949999995e-05
7.83160299999995e-05
7.83162649999995e-05
7.831649999999949e-05
7.831673499999949e-05
7.831696999999949e-05
7.831720499999948e-05
7.831743999999948e-05
7.831767499999947e-05
7.831790999999947e-05
7.831814499999947e-05
7.831837999999946e-05
7.831861499999946e-05
7.831884999999945e-05
7.831908499999945e-05
7.831931999999945e-05
7.831955499999944e-05
7.831978999999944e-05
7.832002499999943e-05
7.832025999999943e-05
7.832049499999943e-05
7.832072999999942e-05
7.832096499999942e-05
7.832119999999942e-05
7.832143499999941e-05
7.832166999999941e-05
7.83219049999994e-05
7.83221399999994e-05
7.83223749999994e-05
7.832260999999939e-05
7.832284499999939e-05
7.832307999999938e-05
7.832331499999938e-05
7.832354999999938e-05
7.832378499999937e-05
7.832401999999937e-05
7.832425499999936e-05
7.832448999999936e-05
7.832472499999936e-05
7.832495999999935e-05
7.832519499999935e-05
7.832542999999935e-05
7.832566499999934e-05
7.832589999999934e-05
7.832613499999933e-05
7.832636999999933e-05
7.832660499999933e-05
7.832683999999932e-05
7.832707499999932e-05
7.832730999999931e-05
7.832754499999931e-05
7.83277799999993e-05
7.83280149999993e-05
7.83282499999993e-05
7.83284849999993e-05
7.832871999999929e-05
7.832895499999929e-05
7.832918999999928e-05
7.832942499999928e-05
7.832965999999928e-05
7.832989499999927e-05
7.833012999999927e-05
7.833036499999926e-05
7.833059999999926e-05
7.833083499999926e-05
7.833106999999925e-05
7.833130499999925e-05
7.833153999999924e-05
7.833177499999924e-05
7.833200999999924e-05
7.833224499999923e-05
7.833247999999923e-05
7.833271499999922e-05
7.833294999999922e-05
7.833318499999922e-05
7.833341999999921e-05
7.833365499999921e-05
7.83338899999992e-05
7.83341249999992e-05
7.83343599999992e-05
7.83345949999992e-05
7.95116099999992e-05
8.01532049999992e-05
8.01706449999992e-05
8.01782399999992e-05
8.017847499999919e-05
8.017870999999919e-05
8.017894499999918e-05
8.017917999999918e-05
8.017941499999917e-05
8.017964999999917e-05
8.017988499999917e-05
8.018011999999916e-05
8.018035499999916e-05
8.018058999999916e-05
8.018082499999915e-05
8.018105999999915e-05
8.019849999999915e-05
8.020609499999914e-05
8.020632999999914e-05
8.020656499999914e-05
8.020679999999913e-05
8.020703499999913e-05
8.020726999999912e-05
8.020750499999912e-05
8.020773999999912e-05
8.020797499999911e-05
8.020820999999911e-05
8.02084449999991e-05
8.02086799999991e-05
8.02089149999991e-05
8.020914999999909e-05
8.020938499999909e-05
8.020961999999909e-05
8.020985499999908e-05
8.021008999999908e-05
8.021032499999907e-05
8.021055999999907e-05
8.021079499999907e-05
8.021102999999906e-05
8.021126499999906e-05
8.021149999999905e-05
8.021173499999905e-05
8.021196999999905e-05
8.021220499999904e-05
8.021243999999904e-05
8.021267499999903e-05
8.021290999999903e-05
8.021314499999903e-05
8.021337999999902e-05
8.021361499999902e-05
8.021384999999902e-05
8.021408499999901e-05
8.021431999999901e-05
8.0214554999999e-05
8.0214789999999e-05
8.0215024999999e-05
8.021525999999899e-05
8.021549499999899e-05
8.021572999999898e-05
8.021596499999898e-05
8.021619999999898e-05
8.021643499999897e-05
8.021666999999897e-05
8.021690499999896e-05
8.021713999999896e-05
8.021737499999896e-05
8.021760999999895e-05
8.021784499999895e-05
8.021807999999895e-05
8.021831499999894e-05
8.021854999999894e-05
8.021878499999893e-05
8.021901999999893e-05
8.021925499999893e-05
8.021948999999892e-05
8.021972499999892e-05
8.021995999999891e-05
8.022019499999891e-05
8.02204299999989e-05
8.02206649999989e-05
8.02208999999989e-05
8.02211349999989e-05
8.022136999999889e-05
8.022160499999889e-05
8.022183999999888e-05
8.022207499999888e-05
8.022230999999888e-05
8.022254499999887e-05
8.022277999999887e-05
8.022301499999886e-05
8.022324999999886e-05
8.022348499999886e-05
8.022371999999885e-05
8.022395499999885e-05
8.022418999999884e-05
8.022442499999884e-05
8.022465999999884e-05
8.022489499999883e-05
8.022512999999883e-05
8.022536499999882e-05
8.022559999999882e-05
8.022583499999882e-05
8.022606999999881e-05
8.022630499999881e-05
8.02265399999988e-05
8.02267749999988e-05
8.02270099999988e-05
8.02272449999988e-05
8.022747999999879e-05
8.022771499999879e-05
8.022794999999878e-05
8.064066999999879e-05
8.079962499999879e-05
8.079985999999878e-05
8.080009499999878e-05
8.080032999999878e-05
8.080056499999877e-05
8.080079999999877e-05
8.080103499999876e-05
8.080126999999876e-05
8.080150499999876e-05
8.080173999999875e-05
8.080197499999875e-05
8.080220999999874e-05
8.080244499999874e-05
8.080267999999874e-05
8.080291499999873e-05
8.080314999999873e-05
8.080338499999872e-05
8.080361999999872e-05
8.080385499999872e-05
8.080408999999871e-05
8.080432499999871e-05
8.08045599999987e-05
8.08047949999987e-05
8.08050299999987e-05
8.08052649999987e-05
8.080549999999869e-05
8.080573499999869e-05
8.080596999999868e-05
8.080620499999868e-05
8.080643999999867e-05
8.080667499999867e-05
8.080690999999867e-05
8.080714499999866e-05
8.080737999999866e-05
8.080761499999865e-05
8.080784999999865e-05
8.080808499999865e-05
8.080831999999864e-05
8.080855499999864e-05
8.080878999999864e-05
8.080902499999863e-05
8.080925999999863e-05
8.080949499999862e-05
8.080972999999862e-05
8.080996499999862e-05
8.081019999999861e-05
8.082771499999861e-05
8.083538999999861e-05
8.083562499999861e-05
8.08358599999986e-05
8.08360949999986e-05
8.08363299999986e-05
8.083656499999859e-05
8.149961499999859e-05
8.183152999999858e-05
8.183176499999858e-05
8.183199999999858e-05
8.183223499999857e-05
8.251148499999857e-05
8.285779999999858e-05
8.285803499999857e-05
8.285826999999857e-05
8.285850499999856e-05
8.285873999999856e-05
8.285897499999856e-05
8.285920999999855e-05
8.285944499999855e-05
8.285967999999854e-05
8.285991499999854e-05
8.286014999999854e-05
8.286038499999853e-05
8.286061999999853e-05
8.286085499999852e-05
8.286108999999852e-05
8.286132499999852e-05
8.335689999999851e-05
8.357353499999851e-05
8.35737699999985e-05
8.35740049999985e-05
8.35742399999985e-05
8.357447499999849e-05
8.357470999999849e-05
8.357494499999848e-05
8.357517999999848e-05
8.357541499999848e-05
8.357564999999847e-05
8.357588499999847e-05
8.357611999999846e-05
8.357635499999846e-05
8.357658999999846e-05
8.357682499999845e-05
8.357705999999845e-05
8.357729499999844e-05
8.357752999999844e-05
8.357776499999844e-05
8.357799999999843e-05
8.357823499999843e-05
8.357846999999843e-05
8.357870499999842e-05
8.357893999999842e-05
8.357917499999841e-05
8.357940999999841e-05
8.35796449999984e-05
8.35798799999984e-05
8.35801149999984e-05
8.410088999999839e-05
8.43319249999984e-05
8.433215999999839e-05
8.433239499999839e-05
8.433262999999838e-05
8.436716999999839e-05
8.440834499999839e-05
8.443057999999839e-05
8.443081499999839e-05
8.443104999999838e-05
8.456651999999839e-05
8.463907499999839e-05
8.463930999999838e-05
8.463954499999838e-05
8.463977999999837e-05
8.464001499999837e-05
8.464024999999837e-05
8.464048499999836e-05
8.464071999999836e-05
8.464095499999836e-05
8.464118999999835e-05
8.470908499999835e-05
8.474555999999835e-05
8.474579499999834e-05
8.474602999999834e-05
8.474626499999834e-05
8.474649999999833e-05
8.474673499999833e-05
8.474696999999832e-05
8.474720499999832e-05
8.474743999999832e-05
8.474767499999831e-05
8.474790999999831e-05
8.47481449999983e-05
8.47483799999983e-05
8.47486149999983e-05
8.47488499999983e-05
8.474908499999829e-05
8.474931999999829e-05
8.474955499999828e-05
8.474978999999828e-05
8.475002499999827e-05
8.475025999999827e-05
8.475049499999827e-05
8.475072999999826e-05
8.475096499999826e-05
8.475119999999825e-05
8.475143499999825e-05
8.475166999999825e-05
8.475190499999824e-05
8.475213999999824e-05
8.475237499999823e-05
8.475260999999823e-05
8.475284499999823e-05
8.475307999999822e-05
8.478761999999823e-05
8.480241499999823e-05
8.483702999999823e-05
8.485190499999823e-05
8.485213999999823e-05
8.485237499999822e-05
8.485260999999822e-05
8.485284499999822e-05
8.485307999999821e-05
8.485331499999821e-05
8.48535499999982e-05
8.48537849999982e-05
8.48540199999982e-05
8.485425499999819e-05
8.485448999999819e-05
8.485472499999818e-05
8.485495999999818e-05
8.485519499999818e-05
8.485542999999817e-05
8.485566499999817e-05
8.485589999999817e-05
8.485613499999816e-05
8.485636999999816e-05
8.485660499999815e-05
8.485683999999815e-05
8.485707499999815e-05
8.485730999999814e-05
8.485754499999814e-05
8.485777999999813e-05
8.485801499999813e-05
8.485824999999813e-05
8.485848499999812e-05
8.485871999999812e-05
8.485895499999811e-05
8.485918999999811e-05
8.485942499999811e-05
8.48596599999981e-05
8.48598949999981e-05
8.48601299999981e-05
8.486036499999809e-05
8.486059999999809e-05
8.486083499999808e-05
8.486106999999808e-05
8.486130499999808e-05
8.486153999999807e-05
8.486177499999807e-05
8.486200999999806e-05
8.486224499999806e-05
8.486247999999806e-05
8.486271499999805e-05
8.486294999999805e-05
8.486318499999804e-05
8.486341999999804e-05
8.486365499999804e-05
8.486388999999803e-05
8.486412499999803e-05
8.486435999999803e-05
8.486459499999802e-05
8.486482999999802e-05
8.486506499999801e-05
8.486529999999801e-05
8.4865534999998e-05
8.4865769999998e-05
8.4866004999998e-05
8.4866239999998e-05
8.486647499999799e-05
8.486670999999799e-05
8.486694499999798e-05
8.486717999999798e-05
8.486741499999797e-05
8.486764999999797e-05
8.486788499999797e-05
8.486811999999796e-05
8.486835499999796e-05
8.486858999999796e-05
8.486882499999795e-05
8.486905999999795e-05
8.486929499999794e-05
8.486952999999794e-05
8.486976499999794e-05
8.486999999999793e-05
8.487023499999793e-05
8.487046999999792e-05
8.487070499999792e-05
8.487093999999792e-05
8.487117499999791e-05
8.487140999999791e-05
8.48716449999979e-05
8.48718799999979e-05
8.48721149999979e-05
8.48723499999979e-05
8.487258499999789e-05
8.487281999999789e-05
8.487305499999788e-05
8.487328999999788e-05
8.487352499999787e-05
8.487375999999787e-05
8.487399499999787e-05
8.487422999999786e-05
8.536717999999786e-05
8.557669499999786e-05
8.557692999999785e-05
8.557716499999785e-05
8.557739999999784e-05
8.557763499999784e-05
8.566262999999784e-05
8.570630499999784e-05
8.572381999999784e-05
8.573149499999784e-05
8.573172999999784e-05
8.573196499999783e-05
8.573219999999783e-05
8.573243499999783e-05
8.573266999999782e-05
8.573290499999782e-05
8.573313999999781e-05
8.573337499999781e-05
8.573360999999781e-05
8.57338449999978e-05
8.57340799999978e-05
8.57343149999978e-05
8.58193099999978e-05
8.58629849999978e-05
8.58632199999978e-05
8.586345499999779e-05
8.586368999999779e-05
8.586392499999778e-05
8.586415999999778e-05
8.586439499999777e-05
8.586462999999777e-05
8.586486499999777e-05
8.586509999999776e-05
8.586533499999776e-05
8.586556999999775e-05
8.586580499999775e-05
8.586603999999775e-05
8.586627499999774e-05
8.586650999999774e-05
8.586674499999774e-05
8.586697999999773e-05
8.586721499999773e-05
8.586744999999772e-05
8.586768499999772e-05
8.586791999999772e-05
8.586815499999771e-05
8.592794999999771e-05
8.595722499999771e-05
8.59574599999977e-05
8.59576949999977e-05
8.59579299999977e-05
8.59581649999977e-05
8.595839999999769e-05
8.595863499999769e-05
8.635972999999768e-05
8.651156499999769e-05
8.651179999999768e-05
8.651203499999768e-05
8.651226999999768e-05
8.651250499999767e-05
8.651273999999767e-05
8.651297499999766e-05
8.651320999999766e-05
8.651344499999766e-05
8.651367999999765e-05
8.651391499999765e-05
8.651414999999764e-05
8.651438499999764e-05
8.651461999999764e-05
8.651485499999763e-05
8.651508999999763e-05
8.651532499999762e-05
8.651555999999762e-05
8.651579499999762e-05
8.651602999999761e-05
8.651626499999761e-05
8.65164999999976e-05
8.65167349999976e-05
8.65169699999976e-05
8.65172049999976e-05
8.651743999999759e-05
8.651767499999759e-05
8.651790999999758e-05
8.651814499999758e-05
8.651837999999757e-05
8.651861499999757e-05
8.651884999999757e-05
8.651908499999756e-05
8.651931999999756e-05
8.651955499999755e-05
8.651978999999755e-05
8.652002499999755e-05
8.652025999999754e-05
8.652049499999754e-05
8.652072999999754e-05
8.652096499999753e-05
8.652119999999753e-05
8.652143499999752e-05
8.652166999999752e-05
8.652190499999752e-05
8.652213999999751e-05
8.652237499999751e-05
8.65226099999975e-05
8.65228449999975e-05
8.65230799999975e-05
8.652331499999749e-05
8.652354999999749e-05
8.652378499999748e-05
8.652401999999748e-05
8.652425499999748e-05
8.652448999999747e-05
8.652472499999747e-05
8.652495999999747e-05
8.652519499999746e-05
8.652542999999746e-05
8.652566499999745e-05
8.652589999999745e-05
8.709793499999745e-05
8.739376999999745e-05
8.739400499999744e-05
8.739423999999744e-05
8.739447499999743e-05
8.739470999999743e-05
8.739494499999743e-05
8.739517999999742e-05
8.739541499999742e-05
8.739564999999742e-05
8.739588499999741e-05
8.739611999999741e-05
8.73963549999974e-05
8.73965899999974e-05
8.73968249999974e-05
8.739705999999739e-05
8.739729499999739e-05
8.739752999999738e-05
8.739776499999738e-05
8.739799999999738e-05
8.739823499999737e-05
8.739846999999737e-05
8.739870499999736e-05
8.739893999999736e-05
8.739917499999736e-05
8.739940999999735e-05
8.739964499999735e-05
8.739987999999735e-05
8.740011499999734e-05
8.740034999999734e-05
8.741778999999734e-05
8.742538499999733e-05
8.742561999999733e-05
8.742585499999733e-05
8.742608999999732e-05
8.742632499999732e-05
8.742655999999731e-05
8.742679499999731e-05
8.786471499999732e-05
8.816347499999732e-05
8.834418999999732e-05
8.834442499999732e-05
8.834465999999732e-05
8.834489499999731e-05
8.834512999999731e-05
8.83453649999973e-05
8.83455999999973e-05
8.83458349999973e-05
8.834606999999729e-05
8.834630499999729e-05
8.834653999999728e-05
8.834677499999728e-05
8.834700999999728e-05
8.834724499999727e-05
8.834747999999727e-05
8.834771499999726e-05
8.834794999999726e-05
8.834818499999726e-05
8.834841999999725e-05
8.834865499999725e-05
8.834888999999725e-05
8.834912499999724e-05
8.834935999999724e-05
8.834959499999723e-05
8.840938999999724e-05
8.847401999999723e-05
8.851065499999722e-05
8.854519499999723e-05
8.855998999999723e-05
8.856022499999722e-05
8.856045999999722e-05
8.856069499999722e-05
8.856092999999721e-05
8.856116499999721e-05
8.85613999999972e-05
8.85616349999972e-05
8.85618699999972e-05
8.856210499999719e-05
8.856233999999719e-05
8.856257499999718e-05
8.856280999999718e-05
8.856304499999718e-05
8.856327999999717e-05
8.856351499999717e-05
8.858102999999717e-05
8.858870499999717e-05
8.858893999999717e-05
8.868210999999716e-05
8.873306499999716e-05
8.873329999999715e-05
8.873353499999715e-05
8.873376999999715e-05
8.873400499999714e-05
8.873423999999714e-05
8.873447499999713e-05
8.873470999999713e-05
8.873494499999713e-05
8.873517999999712e-05
8.873541499999712e-05
8.873564999999711e-05
8.873588499999711e-05
8.873611999999711e-05
8.87363549999971e-05
8.87365899999971e-05
8.87368249999971e-05
8.873705999999709e-05
8.873729499999709e-05
8.873752999999708e-05
8.873776499999708e-05
8.873799999999708e-05
8.873823499999707e-05
8.873846999999707e-05
8.873870499999706e-05
8.873893999999706e-05
8.873917499999706e-05
8.873940999999705e-05
8.873964499999705e-05
8.873987999999704e-05
8.874011499999704e-05
8.874034999999704e-05
8.874058499999703e-05
8.874081999999703e-05
8.874105499999703e-05
8.874128999999702e-05
8.874152499999702e-05
8.874175999999701e-05
8.874199499999701e-05
8.8742229999997e-05
8.8742464999997e-05
8.8742699999997e-05
8.8742934999997e-05
8.874316999999699e-05
8.874340499999699e-05
8.874363999999698e-05
8.874387499999698e-05
8.874410999999697e-05
8.874434499999697e-05
8.874457999999697e-05
8.874481499999696e-05
8.874504999999696e-05
8.874528499999696e-05
8.874551999999695e-05
8.874575499999695e-05
8.874598999999694e-05
8.874622499999694e-05
8.874645999999694e-05
8.874669499999693e-05
8.922606999999693e-05
8.942830499999694e-05
8.942853999999693e-05
8.942877499999693e-05
8.942900999999692e-05
8.942924499999692e-05
8.942947999999692e-05
8.942971499999691e-05
8.942994999999691e-05
8.94301849999969e-05
8.94304199999969e-05
8.94306549999969e-05
8.94308899999969e-05
8.943112499999689e-05
8.943135999999689e-05
8.943159499999688e-05
8.943182999999688e-05
8.943206499999687e-05
8.943229999999687e-05
8.943253499999687e-05
8.943276999999686e-05
8.943300499999686e-05
8.943323999999685e-05
8.943347499999685e-05
8.943370999999685e-05
8.943394499999684e-05
8.943417999999684e-05
8.943441499999684e-05
8.943464999999683e-05
8.943488499999683e-05
8.943511999999682e-05
8.943535499999682e-05
8.943558999999682e-05
8.943582499999681e-05
8.943605999999681e-05
8.94362949999968e-05
8.94365299999968e-05
8.94367649999968e-05
8.943699999999679e-05
8.943723499999679e-05
8.998778499999679e-05
9.024049999999679e-05
9.024073499999678e-05
9.024096999999678e-05
9.024120499999677e-05
9.024143999999677e-05
9.024167499999677e-05
9.024190999999676e-05
9.024214499999676e-05
9.024237999999675e-05
9.024261499999675e-05
9.031950999999676e-05
9.091219499999675e-05
9.122314999999675e-05
9.124066499999675e-05
9.124833999999675e-05
9.124857499999674e-05
9.124880999999674e-05
9.124904499999674e-05
9.124927999999673e-05
9.124951499999673e-05
9.124974999999673e-05
9.124998499999672e-05
9.125021999999672e-05
9.125045499999671e-05
9.125068999999671e-05
9.12509249999967e-05
9.12511599999967e-05
9.12513949999967e-05
9.12516299999967e-05
9.125186499999669e-05
9.125209999999669e-05
9.125233499999668e-05
9.125256999999668e-05
9.125280499999667e-05
9.125303999999667e-05
9.125327499999667e-05
9.125350999999666e-05
9.125374499999666e-05
9.125397999999666e-05
9.125421499999665e-05
9.125444999999665e-05
9.125468499999664e-05
9.125491999999664e-05
9.125515499999664e-05
9.125538999999663e-05
9.125562499999663e-05
9.125585999999662e-05
9.125609499999662e-05
9.125632999999662e-05
9.125656499999661e-05
9.125679999999661e-05
9.12570349999966e-05
9.12572699999966e-05
9.12575049999966e-05
9.125773999999659e-05
9.125797499999659e-05
9.125820999999659e-05
9.125844499999658e-05
9.125867999999658e-05
9.125891499999657e-05
9.125914999999657e-05
9.125938499999657e-05
9.125961999999656e-05
9.125985499999656e-05
9.126008999999655e-05
9.126032499999655e-05
9.126055999999655e-05
9.126079499999654e-05
9.126102999999654e-05
9.126126499999653e-05
9.126149999999653e-05
9.126173499999653e-05
9.126196999999652e-05
9.126220499999652e-05
9.126243999999652e-05
9.178778999999651e-05
9.202610499999651e-05
9.20263399999965e-05
9.24553149999965e-05
9.26287499999965e-05
9.262898499999649e-05
9.262921999999649e-05
9.262945499999648e-05
9.262968999999648e-05
9.262992499999648e-05
9.263015999999647e-05
9.263039499999647e-05
9.263062999999647e-05
9.263086499999646e-05
9.263109999999646e-05
9.263133499999645e-05
9.263156999999645e-05
9.263180499999645e-05
9.263203999999644e-05
9.263227499999644e-05
9.263250999999643e-05
9.263274499999643e-05
9.263297999999643e-05
9.263321499999642e-05
9.263344999999642e-05
9.263368499999641e-05
9.263391999999641e-05
9.263415499999641e-05
9.26343899999964e-05
9.26346249999964e-05
9.26348599999964e-05
9.263509499999639e-05
9.263532999999639e-05
9.263556499999638e-05
9.263579999999638e-05
9.263603499999638e-05
9.263626999999637e-05
9.263650499999637e-05
9.263673999999636e-05
9.263697499999636e-05
9.263720999999636e-05
9.263744499999635e-05
9.263767999999635e-05
9.263791499999634e-05
9.263814999999634e-05
9.263838499999634e-05
9.263861999999633e-05
9.263885499999633e-05
9.263908999999633e-05
9.263932499999632e-05
9.263955999999632e-05
9.263979499999631e-05
9.264002999999631e-05
9.26402649999963e-05
9.26404999999963e-05
9.26407349999963e-05
9.26409699999963e-05
9.264120499999629e-05
9.264143999999629e-05
9.264167499999628e-05
9.264190999999628e-05
9.264214499999627e-05
9.264237999999627e-05
9.264261499999627e-05
9.264284999999626e-05
9.264308499999626e-05
9.264331999999626e-05
9.264355499999625e-05
9.264378999999625e-05
9.264402499999624e-05
9.264425999999624e-05
9.264449499999624e-05
9.264472999999623e-05
9.264496499999623e-05
9.264519999999622e-05
9.264543499999622e-05
9.264566999999622e-05
9.264590499999621e-05
9.264613999999621e-05
9.26463749999962e-05
9.26466099999962e-05
9.26468449999962e-05
9.264707999999619e-05
9.264731499999619e-05
9.264754999999619e-05
9.264778499999618e-05
9.264801999999618e-05
9.264825499999617e-05
9.264848999999617e-05
9.264872499999617e-05
9.364135499999616e-05
9.410302999999616e-05
9.410326499999615e-05
9.410349999999615e-05
9.410373499999614e-05
9.410396999999614e-05
9.410420499999614e-05
9.410443999999613e-05
9.410467499999613e-05
9.410490999999613e-05
9.410514499999612e-05
9.410537999999612e-05
9.410561499999611e-05
9.410584999999611e-05
9.41060849999961e-05
9.41063199999961e-05
9.41065549999961e-05
9.41067899999961e-05
9.410702499999609e-05
9.410725999999609e-05
9.410749499999608e-05
9.410772999999608e-05
9.410796499999607e-05
9.410819999999607e-05
9.410843499999607e-05
9.410866999999606e-05
9.410890499999606e-05
9.410913999999606e-05
9.410937499999605e-05
9.410960999999605e-05
9.410984499999604e-05
9.411007999999604e-05
9.411031499999604e-05
9.411054999999603e-05
9.411078499999603e-05
9.411101999999602e-05
9.411125499999602e-05
9.411148999999602e-05
9.411172499999601e-05
9.411195999999601e-05
9.4112194999996e-05
9.4112429999996e-05
9.4112664999996e-05
9.4112899999996e-05
9.453919499999599e-05
9.470542999999599e-05
9.470566499999598e-05
9.470589999999598e-05
9.470613499999598e-05
9.470636999999597e-05
9.470660499999597e-05
9.470683999999596e-05
9.470707499999596e-05
9.470730999999596e-05
9.470754499999595e-05
9.470777999999595e-05
9.470801499999594e-05
9.470824999999594e-05
9.470848499999594e-05
9.470871999999593e-05
9.470895499999593e-05
9.470918999999592e-05
9.470942499999592e-05
9.470965999999592e-05
9.470989499999591e-05
9.471012999999591e-05
9.47103649999959e-05
9.47105999999959e-05
9.47108349999959e-05
9.47110699999959e-05
9.471130499999589e-05
9.471153999999589e-05
9.471177499999588e-05
9.471200999999588e-05
9.471224499999587e-05
9.471247999999587e-05
9.471271499999587e-05
9.471294999999586e-05
9.471318499999586e-05
9.471341999999585e-05
9.471365499999585e-05
9.471388999999585e-05
9.471412499999584e-05
9.471435999999584e-05
9.471459499999584e-05
9.471482999999583e-05
9.471506499999583e-05
9.471529999999582e-05
9.471553499999582e-05
9.471576999999582e-05
9.471600499999581e-05
9.471623999999581e-05
9.47164749999958e-05
9.47167099999958e-05
9.47169449999958e-05
9.471717999999579e-05
9.471741499999579e-05
9.471764999999578e-05
9.471788499999578e-05
9.471811999999578e-05
9.471835499999577e-05
9.471858999999577e-05
9.471882499999577e-05
9.471905999999576e-05
9.471929499999576e-05
9.471952999999575e-05
9.471976499999575e-05
9.471999999999575e-05
9.472023499999574e-05
9.472046999999574e-05
9.472070499999573e-05
9.472093999999573e-05
9.472117499999573e-05
9.472140999999572e-05
9.472164499999572e-05
9.472187999999571e-05
9.472211499999571e-05
9.47223499999957e-05
9.47225849999957e-05
9.47228199999957e-05
9.47230549999957e-05
9.472328999999569e-05
9.522786499999569e-05
9.544449999999569e-05
9.544473499999568e-05
9.544496999999568e-05
9.544520499999568e-05
9.544543999999567e-05
9.544567499999567e-05
9.544590999999566e-05
9.544614499999566e-05
9.544637999999566e-05
9.544661499999565e-05
9.544684999999565e-05
9.544708499999564e-05
9.544731999999564e-05
9.544755499999564e-05
9.544778999999563e-05
9.544802499999563e-05
9.544825999999563e-05
9.544849499999562e-05
9.544872999999562e-05
9.544896499999561e-05
9.544919999999561e-05
9.54494349999956e-05
9.54496699999956e-05
9.54499049999956e-05
9.54501399999956e-05
9.545037499999559e-05
9.545060999999559e-05
9.545084499999558e-05
9.545107999999558e-05
9.545131499999557e-05
9.545154999999557e-05
9.545178499999557e-05
9.545201999999556e-05
9.545225499999556e-05
9.545248999999556e-05
9.545272499999555e-05
9.545295999999555e-05
9.545319499999554e-05
9.545342999999554e-05
9.545366499999554e-05
9.545389999999553e-05
9.545413499999553e-05
9.545436999999552e-05
9.545460499999552e-05
9.545483999999552e-05
9.545507499999551e-05
9.545530999999551e-05
9.54555449999955e-05
9.54557799999955e-05
9.54560149999955e-05
9.545624999999549e-05
9.545648499999549e-05
9.545671999999549e-05
9.545695499999548e-05
9.545718999999548e-05
9.545742499999547e-05
9.545765999999547e-05
9.545789499999547e-05
9.545812999999546e-05
9.545836499999546e-05
9.545859999999545e-05
9.545883499999545e-05
9.545906999999545e-05
9.545930499999544e-05
9.545953999999544e-05
9.545977499999543e-05
9.546000999999543e-05
9.546024499999543e-05
9.546047999999542e-05
9.546071499999542e-05
9.546094999999542e-05
9.546118499999541e-05
9.546141999999541e-05
9.54616549999954e-05
9.54618899999954e-05
9.54621249999954e-05
9.546235999999539e-05
9.546259499999539e-05
9.546282999999538e-05
9.612850499999538e-05
9.646753999999537e-05
9.646777499999537e-05
9.646800999999536e-05
9.646824499999536e-05
9.646847999999536e-05
9.646871499999535e-05
9.646894999999535e-05
9.646918499999534e-05
9.646941999999534e-05
9.646965499999534e-05
9.646988999999533e-05
9.647012499999533e-05
9.647035999999533e-05
9.647059499999532e-05
9.647082999999532e-05
9.647106499999531e-05
9.647129999999531e-05
9.64715349999953e-05
9.64717699999953e-05
9.64720049999953e-05
9.64722399999953e-05
9.647247499999529e-05
9.647270999999529e-05
9.647294499999528e-05
9.647317999999528e-05
9.647341499999527e-05
9.647364999999527e-05
9.647388499999527e-05
9.647411999999526e-05
9.647435499999526e-05
9.647458999999526e-05
9.647482499999525e-05
9.647505999999525e-05
9.647529499999524e-05
9.647552999999524e-05
9.647576499999524e-05
9.647599999999523e-05
9.647623499999523e-05
9.647646999999522e-05
9.647670499999522e-05
9.647693999999522e-05
9.647717499999521e-05
9.647740999999521e-05
9.64776449999952e-05
9.689036499999521e-05
9.704931999999521e-05
9.70495549999952e-05
9.70497899999952e-05
9.70500249999952e-05
9.70502599999952e-05
9.705049499999519e-05
9.705072999999519e-05
9.705096499999518e-05
9.705119999999518e-05
9.705143499999517e-05
9.705166999999517e-05
9.705190499999517e-05
9.705213999999516e-05
9.705237499999516e-05
9.705260999999516e-05
9.705284499999515e-05
9.705307999999515e-05
9.705331499999514e-05
9.705354999999514e-05
9.705378499999514e-05
9.705401999999513e-05
9.705425499999513e-05
9.705448999999512e-05
9.705472499999512e-05
9.705495999999512e-05
9.705519499999511e-05
9.705542999999511e-05
9.70556649999951e-05
9.70558999999951e-05
9.70561349999951e-05
9.705636999999509e-05
9.712433999999509e-05
9.71608949999951e-05
9.716112999999509e-05
9.716136499999509e-05
9.775331499999508e-05
9.803482999999507e-05
9.803506499999507e-05
9.803529999999507e-05
9.803553499999506e-05
9.803576999999506e-05
9.803600499999505e-05
9.803623999999505e-05
9.803647499999505e-05