3.873000000000001e-07
5.316950000000002e-07
5.319300000000002e-07
5.321650000000003e-07
5.324000000000003e-07
5.326350000000003e-07
5.328700000000004e-07
9.203900000000005e-07
1.0649450000000006e-06
1.0651800000000005e-06
1.0654150000000004e-06
1.4529350000000004e-06
1.5974900000000005e-06
1.5977250000000004e-06
1.9852450000000007e-06
2.7696450000000007e-06
3.2028400000000007e-06
3.590360000000001e-06
3.734915000000001e-06
3.735150000000001e-06
3.735385000000001e-06
3.735620000000001e-06
3.7358550000000008e-06
3.7360900000000007e-06
3.7363250000000006e-06
3.7365600000000005e-06
3.7367950000000004e-06
3.7370300000000004e-06
3.7372650000000003e-06
3.7375000000000002e-06
3.737735e-06
3.73797e-06
3.738205e-06
3.73844e-06
3.738675e-06
3.7389099999999997e-06
3.7391449999999997e-06
4.126665e-06
4.2712199999999996e-06
4.271455e-06
4.27169e-06
4.271925000000001e-06
4.272160000000001e-06
4.272395000000001e-06
4.272630000000002e-06
4.272865000000002e-06
4.273100000000002e-06
4.273335000000003e-06
4.273570000000003e-06
4.291085000000003e-06
4.2987600000000025e-06
4.298995000000003e-06
4.299230000000003e-06
4.2994650000000036e-06
4.299700000000004e-06
4.299935000000004e-06
4.300170000000005e-06
4.687690000000004e-06
4.832245000000004e-06
4.8324800000000044e-06
4.832715000000005e-06
4.832950000000005e-06
4.8331850000000055e-06
4.833420000000006e-06
4.833655000000006e-06
4.8338900000000065e-06
4.834125000000007e-06
4.834360000000007e-06
4.8345950000000075e-06
4.834830000000008e-06
4.835065000000008e-06
4.8353000000000086e-06
4.835535000000009e-06
4.835770000000009e-06
4.83600500000001e-06
4.83624000000001e-06
4.83647500000001e-06
4.836710000000011e-06
4.836945000000011e-06
4.837180000000011e-06
4.837415000000012e-06
4.854855000000012e-06
4.862450000000012e-06
4.8626850000000125e-06
4.862920000000013e-06
4.863155000000013e-06
4.863390000000014e-06
4.863625000000014e-06
4.863860000000014e-06
4.864095000000015e-06
4.864330000000015e-06
4.864565000000015e-06
4.864800000000016e-06
4.865035000000016e-06
4.882475000000016e-06
4.8900700000000165e-06
4.890305000000017e-06
4.890540000000017e-06
4.8907750000000176e-06
4.891010000000018e-06
4.891245000000018e-06
4.891480000000019e-06
4.891715000000019e-06
4.891950000000019e-06
4.89218500000002e-06
4.89242000000002e-06
4.89265500000002e-06
4.892890000000021e-06
4.893125000000021e-06
4.893360000000021e-06
4.893595000000022e-06
4.893830000000022e-06
4.894065000000022e-06
4.894300000000023e-06
4.894535000000023e-06
4.8947700000000234e-06
4.895005000000024e-06
4.895240000000024e-06
4.8954750000000245e-06
4.895710000000025e-06
4.895945000000025e-06
4.8961800000000255e-06
4.896415000000026e-06
4.896650000000026e-06
4.8968850000000266e-06
4.897120000000027e-06
4.897355000000027e-06
4.897590000000028e-06
4.897825000000028e-06
4.898060000000028e-06
4.898295000000029e-06
4.898530000000029e-06
4.898765000000029e-06
4.89900000000003e-06
4.89923500000003e-06
4.89947000000003e-06
4.899705000000031e-06
4.899940000000031e-06
4.900175000000031e-06
4.900410000000032e-06
4.900645000000032e-06
4.9008800000000324e-06
4.901115000000033e-06
4.901350000000033e-06
4.9015850000000335e-06
4.901820000000034e-06
4.902055000000034e-06
4.9022900000000345e-06
4.902525000000035e-06
4.902760000000035e-06
4.9029950000000355e-06
4.903230000000036e-06
5.290750000000036e-06
5.435305000000035e-06
5.435540000000036e-06
5.435775000000036e-06
5.436010000000036e-06
5.436245000000037e-06
5.436480000000037e-06
5.4367150000000374e-06
5.436950000000038e-06
5.437185000000038e-06
5.4374200000000385e-06
6.075270000000039e-06
6.392785000000039e-06
6.393020000000039e-06
6.5833900000000395e-06
6.69194500000004e-06
6.69218000000004e-06
6.6924150000000405e-06
6.692650000000041e-06
6.692885000000041e-06
6.6931200000000416e-06
6.693355000000042e-06
6.693590000000042e-06
6.693825000000043e-06
6.694060000000043e-06
6.694295000000043e-06
6.694530000000044e-06
6.694765000000044e-06
6.695000000000044e-06
6.695235000000045e-06
6.695470000000045e-06
6.695705000000045e-06
6.695940000000046e-06
6.696175000000046e-06
6.696410000000046e-06
6.696645000000047e-06
6.696880000000047e-06
6.6971150000000474e-06
6.697350000000048e-06
6.697585000000048e-06
6.6978200000000485e-06
6.698055000000049e-06
6.698290000000049e-06
6.6985250000000495e-06
6.69876000000005e-06
6.69899500000005e-06
6.6992300000000505e-06
6.699465000000051e-06
6.699700000000051e-06
6.699935000000052e-06
6.700170000000052e-06
6.700405000000052e-06
6.700640000000053e-06
6.700875000000053e-06
6.701110000000053e-06
6.701345000000054e-06
6.701580000000054e-06
6.701815000000054e-06
6.702050000000055e-06
6.702285000000055e-06
6.702520000000055e-06
6.702755000000056e-06
6.702990000000056e-06
6.7032250000000564e-06
6.703460000000057e-06
6.703695000000057e-06
6.7039300000000575e-06
6.704165000000058e-06
6.704400000000058e-06
6.7046350000000585e-06
6.704870000000059e-06
6.705105000000059e-06
6.7053400000000595e-06
6.70557500000006e-06
6.70581000000006e-06
6.7060450000000606e-06
6.706280000000061e-06
6.706515000000061e-06
6.706750000000062e-06
6.706985000000062e-06
6.707220000000062e-06
6.707455000000063e-06
6.707690000000063e-06
6.707925000000063e-06
6.708160000000064e-06
6.708395000000064e-06
6.708630000000064e-06
6.708865000000065e-06
6.709100000000065e-06
6.709335000000065e-06
6.709570000000066e-06
6.709805000000066e-06
6.7100400000000665e-06
6.710275000000067e-06
6.710510000000067e-06
6.7107450000000675e-06
6.710980000000068e-06
6.711215000000068e-06
6.7114500000000685e-06
6.711685000000069e-06
6.711920000000069e-06
6.7121550000000696e-06
6.71239000000007e-06
6.71262500000007e-06
6.712860000000071e-06
6.713095000000071e-06
6.713330000000071e-06
6.713565000000072e-06
6.713800000000072e-06
6.714035000000072e-06
6.714270000000073e-06
6.714505000000073e-06
6.714740000000073e-06
6.714975000000074e-06
6.715210000000074e-06
6.715445000000074e-06
6.715680000000075e-06
6.715915000000075e-06
6.7161500000000754e-06
6.716385000000076e-06
6.716620000000076e-06
6.7168550000000765e-06
6.717090000000077e-06
6.717325000000077e-06
6.7175600000000775e-06
6.717795000000078e-06
6.718030000000078e-06
6.7182650000000786e-06
6.718500000000079e-06
6.718735000000079e-06
6.71897000000008e-06
6.71920500000008e-06
6.71944000000008e-06
6.719675000000081e-06
6.719910000000081e-06
6.720145000000081e-06
6.720380000000082e-06
7.133100000000082e-06
7.292055000000082e-06
7.474250000000082e-06
7.575525000000082e-06
7.575760000000082e-06
7.575995000000083e-06
7.576230000000083e-06
7.963750000000083e-06
8.108305000000083e-06
8.125745000000084e-06
8.133340000000083e-06
8.133575000000082e-06
8.133810000000082e-06
8.134045000000081e-06
8.168585000000082e-06
8.183380000000082e-06
8.183615000000081e-06
8.183850000000081e-06
8.18408500000008e-06
8.18432000000008e-06
8.18455500000008e-06
8.20199500000008e-06
8.209590000000079e-06
8.209825000000079e-06
8.210060000000078e-06
8.210295000000078e-06
8.244910000000078e-06
8.259785000000079e-06
8.260020000000078e-06
8.260255000000078e-06
8.260490000000077e-06
8.260725000000077e-06
8.260960000000076e-06
8.261195000000076e-06
8.261430000000075e-06
8.261665000000075e-06
8.261900000000074e-06
8.262135000000074e-06
8.262370000000073e-06
8.262605000000073e-06
8.452900000000073e-06
8.561375000000074e-06
8.561610000000073e-06
8.561845000000073e-06
8.562080000000072e-06
8.562315000000072e-06
8.562550000000071e-06
8.56278500000007e-06
8.56302000000007e-06
8.56325500000007e-06
8.563490000000069e-06
8.563725000000069e-06
8.563960000000068e-06
8.564195000000068e-06
8.564430000000067e-06
8.564665000000067e-06
8.564900000000066e-06
8.565135000000066e-06
8.565370000000065e-06
8.565605000000065e-06
8.565840000000064e-06
8.566075000000064e-06
8.566310000000063e-06
8.566545000000062e-06
8.566780000000062e-06
8.567015000000061e-06
8.567250000000061e-06
8.56748500000006e-06
8.56772000000006e-06
8.56795500000006e-06
8.568190000000059e-06
8.568425000000058e-06
8.568660000000058e-06
8.568895000000057e-06
8.569130000000057e-06
8.569365000000056e-06
8.569600000000056e-06
8.569835000000055e-06
8.570070000000055e-06
8.570305000000054e-06
8.570540000000054e-06
8.570775000000053e-06
8.571010000000053e-06
8.571245000000052e-06
8.571480000000052e-06
8.571715000000051e-06
8.571950000000051e-06
8.57218500000005e-06
8.57242000000005e-06
8.57265500000005e-06
8.572890000000049e-06
8.573125000000048e-06
8.573360000000048e-06
8.573595000000047e-06
8.573830000000047e-06
8.574065000000046e-06
8.574300000000046e-06
8.574535000000045e-06
8.574770000000045e-06
8.575005000000044e-06
8.575240000000044e-06
8.962760000000045e-06
9.107315000000045e-06
9.107550000000045e-06
9.107785000000044e-06
9.108020000000044e-06
9.108255000000043e-06
9.108490000000043e-06
9.108725000000042e-06
9.108960000000042e-06
9.109195000000041e-06
9.10943000000004e-06
9.10966500000004e-06
9.10990000000004e-06
9.110135000000039e-06
9.110370000000039e-06
9.110605000000038e-06
9.110840000000038e-06
9.748690000000037e-06
1.0066205000000036e-05
1.0066440000000036e-05
1.0066675000000035e-05
1.0454195000000036e-05
1.0598750000000036e-05
1.0598985000000036e-05
1.0599220000000035e-05
1.0599455000000035e-05
1.0599690000000034e-05
1.0599925000000034e-05
1.0600160000000033e-05
1.0600395000000033e-05
1.0600630000000032e-05
1.0600865000000032e-05
1.0988385000000033e-05
1.1132940000000033e-05
1.1133175000000033e-05
1.1133410000000032e-05
1.1133645000000032e-05
1.1521165000000032e-05
1.1665720000000033e-05
1.1665955000000032e-05
1.1666190000000032e-05
1.1666425000000031e-05
1.166666000000003e-05
1.166689500000003e-05
1.166713000000003e-05
1.205465000000003e-05
1.2199205000000031e-05
1.2216720000000031e-05
1.2224395000000031e-05
1.222463000000003e-05
1.222486500000003e-05
1.222510000000003e-05
1.222533500000003e-05
1.2225570000000029e-05
1.2225805000000028e-05
1.2226040000000028e-05
1.2226275000000027e-05
1.2226510000000027e-05
1.2226745000000026e-05
1.2226980000000026e-05
1.2227215000000025e-05
1.2227450000000025e-05
1.2227685000000024e-05
1.2615205000000025e-05
1.2759760000000025e-05
1.2759995000000025e-05
1.3147515000000026e-05
1.3292070000000026e-05
1.3292305000000026e-05
1.3292540000000025e-05
1.3292775000000025e-05
1.3293010000000024e-05
1.3293245000000024e-05
1.3293480000000023e-05
1.3293715000000023e-05
1.3293950000000022e-05
1.3294185000000022e-05
1.3294420000000021e-05
1.329465500000002e-05
1.329489000000002e-05
1.329512500000002e-05
1.3295360000000019e-05
1.368288000000002e-05
1.382743500000002e-05
1.382767000000002e-05
1.382790500000002e-05
1.3828140000000019e-05
1.3828375000000018e-05
1.3828610000000018e-05
1.3828845000000017e-05
1.3829080000000017e-05
1.3846520000000017e-05
1.3854115000000016e-05
1.4241635000000017e-05
1.4386190000000018e-05
1.4386425000000017e-05
1.4386660000000017e-05
1.4774180000000017e-05
1.4918735000000018e-05
1.4918970000000017e-05
1.4919205000000017e-05
1.4919440000000016e-05
1.4919675000000016e-05
1.4919910000000015e-05
1.4920145000000015e-05
1.4920380000000014e-05
1.4920615000000014e-05
1.4920850000000013e-05
1.4921085000000013e-05
1.4921320000000012e-05
1.4921555000000012e-05
1.530907500000001e-05
1.545363000000001e-05
1.545386500000001e-05
1.545410000000001e-05
1.5454335000000008e-05
1.561950500000001e-05
1.571366000000001e-05
1.571389500000001e-05
1.610141500000001e-05
1.6245970000000008e-05
1.6246205000000008e-05
1.6246440000000007e-05
1.6246675000000007e-05
1.6634195000000007e-05
1.6778750000000006e-05
1.6778985000000006e-05
1.6779220000000005e-05
1.6779455000000005e-05
1.6779690000000004e-05
1.6779925000000004e-05
1.6780160000000003e-05
1.6780395000000002e-05
1.6780630000000002e-05
1.6780865e-05
1.67811e-05
1.6781335e-05
1.678157e-05
1.6781805e-05
1.678204e-05
1.6782275e-05
1.6782509999999998e-05
1.6782744999999997e-05
1.6782979999999997e-05
1.6783214999999996e-05
1.6783449999999996e-05
1.7170969999999997e-05
1.7315524999999995e-05
1.7315759999999995e-05
1.7315994999999994e-05
1.7316229999999994e-05
1.7316464999999993e-05
1.7316699999999993e-05
1.7316934999999992e-05
1.7729654999999994e-05
1.7888609999999994e-05
1.7888844999999994e-05
1.7889079999999993e-05
1.7889314999999993e-05
1.7889549999999992e-05
1.788978499999999e-05
1.8302504999999993e-05
1.8461459999999993e-05
1.8461694999999993e-05
1.8461929999999992e-05
1.8849449999999993e-05
1.9960804999999994e-05
2.0703999999999994e-05
2.0704234999999993e-05
2.0704469999999993e-05
2.0704704999999992e-05
2.070493999999999e-05
2.070517499999999e-05
2.070540999999999e-05
2.070564499999999e-05
2.070587999999999e-05
2.070611499999999e-05
2.070634999999999e-05
2.0706584999999988e-05
2.0706819999999988e-05
2.110791499999999e-05
2.125974999999999e-05
2.125998499999999e-05
2.1260219999999988e-05
2.1260454999999988e-05
2.1260689999999987e-05
2.1260924999999987e-05
2.1261159999999986e-05
2.1648679999999987e-05
2.1793234999999985e-05
2.1793469999999985e-05
2.1793704999999984e-05
2.1793939999999984e-05
2.1794174999999983e-05
2.1794409999999983e-05
2.1794644999999982e-05
2.1794879999999982e-05
2.179511499999998e-05
2.179534999999998e-05
2.179558499999998e-05
2.179581999999998e-05
2.179605499999998e-05
2.179628999999998e-05
2.179652499999998e-05
2.1796759999999978e-05
2.1796994999999977e-05
2.1797229999999977e-05
2.1797464999999976e-05
2.1797699999999976e-05
2.1797934999999975e-05
2.1798169999999975e-05
2.1798404999999974e-05
2.1798639999999974e-05
2.1798874999999973e-05
2.1799109999999973e-05
2.1799344999999972e-05
2.1799579999999972e-05
2.179981499999997e-05
2.180004999999997e-05
2.180028499999997e-05
2.180051999999997e-05
2.180075499999997e-05
2.180098999999997e-05
2.180122499999997e-05
2.1801459999999968e-05
2.1801694999999967e-05
2.1801929999999967e-05
2.1802164999999966e-05
2.1802399999999966e-05
2.1802634999999965e-05
2.1802869999999965e-05
2.2190389999999966e-05
2.2334944999999964e-05
2.2335179999999964e-05
2.2335414999999963e-05
2.2335649999999963e-05
2.2335884999999962e-05
2.2336119999999962e-05
2.233635499999996e-05
2.233658999999996e-05
2.233682499999996e-05
2.233705999999996e-05
2.233729499999996e-05
2.233752999999996e-05
2.233776499999996e-05
2.2337999999999958e-05
2.2338234999999957e-05
2.2338469999999957e-05
2.2338704999999956e-05
2.2338939999999956e-05
2.2339174999999955e-05
2.2339409999999955e-05
2.2339644999999954e-05
2.2339879999999954e-05
2.2340114999999953e-05
2.2340349999999953e-05
2.2340584999999952e-05
2.2340819999999952e-05
2.2358259999999952e-05
2.236585499999995e-05
2.236608999999995e-05
2.236632499999995e-05
2.236655999999995e-05
2.240925499999995e-05
2.2431329999999948e-05
2.2431564999999947e-05
2.2431799999999947e-05
2.2432034999999946e-05
2.2432269999999946e-05
2.2432504999999945e-05
2.2432739999999945e-05
2.2450179999999945e-05
2.2457774999999944e-05
2.2458009999999944e-05
2.2458244999999943e-05
2.2458479999999943e-05
2.2458714999999942e-05
2.2458949999999942e-05
2.245918499999994e-05
2.245941999999994e-05
2.2872139999999943e-05
2.386199499999994e-05
2.452598999999994e-05
2.517546499999994e-05
2.550009999999994e-05
2.550033499999994e-05
2.5500569999999938e-05
2.590166499999994e-05
2.605349999999994e-05
2.605373499999994e-05
2.605396999999994e-05
2.644148999999994e-05
2.6586044999999938e-05
2.6586279999999937e-05
2.6586514999999937e-05
2.7224364999999936e-05
2.7541879999999936e-05
2.8221129999999934e-05
2.8567444999999936e-05
2.8567679999999935e-05
2.8980399999999937e-05
2.927285999999994e-05
2.9446374999999937e-05
2.9833894999999938e-05
2.9978449999999937e-05
2.9978684999999936e-05
2.9978919999999936e-05
2.9979154999999935e-05
2.9979389999999935e-05
2.9979624999999934e-05
2.9979859999999934e-05
2.9980094999999933e-05
2.9980329999999933e-05
2.9980564999999932e-05
2.998079999999993e-05
2.998103499999993e-05
2.998126999999993e-05
3.017163999999993e-05
3.028019499999993e-05
3.028042999999993e-05
3.028066499999993e-05
3.028089999999993e-05
3.028113499999993e-05
3.0281369999999928e-05
3.0281604999999927e-05
3.0281839999999927e-05
3.0282074999999926e-05
3.0282309999999926e-05
3.0282544999999925e-05
3.0282779999999925e-05
3.0283014999999924e-05
3.0283249999999924e-05
3.0283484999999923e-05
3.0283719999999923e-05
3.0283954999999922e-05
3.0284189999999922e-05
3.028442499999992e-05
3.072697499999992e-05
3.090768999999992e-05
3.090792499999992e-05
3.0908159999999926e-05
3.090839499999993e-05
3.090862999999993e-05
3.0908864999999935e-05
3.090909999999994e-05
3.090933499999994e-05
3.090956999999994e-05
3.0909804999999946e-05
3.091003999999995e-05
3.163068999999995e-05
3.2005804999999944e-05
3.200603999999995e-05
3.200627499999995e-05
3.200650999999995e-05
3.2006744999999955e-05
3.224751499999995e-05
3.238486999999995e-05
3.2385104999999956e-05
3.238533999999996e-05
3.238557499999996e-05
3.2385809999999964e-05
3.238604499999997e-05
3.238627999999997e-05
3.238651499999997e-05
3.2386749999999976e-05
3.238698499999998e-05
3.238721999999998e-05
3.2387454999999984e-05
3.238768999999999e-05
3.238792499999999e-05
3.238815999999999e-05
3.2388394999999996e-05
3.2481564999999995e-05
3.2532519999999995e-05
3.2532755e-05
3.253299e-05
3.2533225000000004e-05
3.2567765e-05
3.258256e-05
3.2582795e-05
3.2583030000000005e-05
3.258326500000001e-05
3.258350000000001e-05
3.2583735000000014e-05
3.2583970000000017e-05
3.258420500000002e-05
3.258444000000002e-05
3.2584675000000025e-05
3.258491000000003e-05
3.270328000000003e-05
3.2768635000000026e-05
3.281140500000002e-05
3.283356000000002e-05
3.2833795000000024e-05
3.283403000000003e-05
3.283426500000003e-05
3.283450000000003e-05
3.2834735000000036e-05
3.283497000000004e-05
3.283520500000004e-05
3.2835440000000044e-05
3.283567500000005e-05
3.283591000000005e-05
3.283614500000005e-05
3.2836380000000056e-05
3.283661500000006e-05
3.283685000000006e-05
3.2837085000000064e-05
3.283732000000007e-05
3.283755500000007e-05
3.283779000000007e-05
3.293096000000007e-05
3.298191500000007e-05
3.2982150000000075e-05
3.298238500000008e-05
3.298262000000008e-05
3.2982855000000084e-05
3.298309000000009e-05
3.298332500000009e-05
3.310169500000009e-05
3.316705000000009e-05
3.316728500000009e-05
3.316752000000009e-05
3.3167755000000096e-05
3.31679900000001e-05
3.31682250000001e-05
3.3168460000000105e-05
3.316869500000011e-05
3.316893000000011e-05
3.3169165000000114e-05
3.3169400000000116e-05
3.316963500000012e-05
3.316987000000012e-05
3.3170105000000125e-05
3.317034000000013e-05
3.317057500000013e-05
3.3170810000000134e-05
3.317104500000014e-05
3.317128000000014e-05
3.317151500000014e-05
3.3171750000000145e-05
3.3264920000000144e-05
3.3315875000000145e-05
3.331611000000015e-05
3.331634500000015e-05
3.331658000000015e-05
3.3316815000000156e-05
3.331705000000016e-05
3.331728500000016e-05
3.343565500000016e-05
3.350101000000016e-05
3.350124500000016e-05
3.3501480000000166e-05
3.350171500000017e-05
3.350195000000017e-05
3.3502185000000174e-05
3.350242000000018e-05
3.350265500000018e-05
3.350289000000018e-05
3.3503125000000186e-05
3.350336000000019e-05
3.350359500000019e-05
3.3503830000000195e-05
3.35040650000002e-05
3.35043000000002e-05
3.35045350000002e-05
3.3504770000000206e-05
3.350500500000021e-05
3.350524000000021e-05
3.3505475000000215e-05
3.350571000000022e-05
3.3598880000000217e-05
3.364983500000022e-05
3.365007000000022e-05
3.365030500000022e-05
3.3650540000000226e-05
3.365077500000023e-05
3.365101000000023e-05
3.3651245000000234e-05
3.3769615000000234e-05
3.383497000000023e-05
3.3835205000000235e-05
3.383544000000024e-05
3.383567500000024e-05
3.3835910000000244e-05
3.3836145000000247e-05
3.383638000000025e-05
3.383661500000025e-05
3.3836850000000255e-05
3.383708500000026e-05
3.383732000000026e-05
3.3837555000000264e-05
3.383779000000027e-05
3.383802500000027e-05
3.383826000000027e-05
3.3838495000000275e-05
3.3931665000000274e-05
3.3982620000000275e-05
3.398285500000028e-05
3.398309000000028e-05
3.398332500000028e-05
3.3983560000000286e-05
3.398379500000029e-05
3.398403000000029e-05
3.3984265000000295e-05
3.39845000000003e-05
3.39847350000003e-05
3.3984970000000304e-05
3.3985205000000306e-05
3.398544000000031e-05
3.398567500000031e-05
3.3985910000000315e-05
3.398614500000032e-05
3.410451500000032e-05
3.4169870000000316e-05
3.417010500000032e-05
3.417034000000032e-05
3.4170575000000325e-05
3.417081000000033e-05
3.417104500000033e-05
3.417128000000033e-05
3.4171515000000336e-05
3.417175000000034e-05
3.417198500000034e-05
3.4172220000000345e-05
3.417245500000035e-05
3.417269000000035e-05
3.4172925000000353e-05
3.4173160000000356e-05
3.417339500000036e-05
3.417363000000036e-05
3.466920500000036e-05
3.4885840000000366e-05
3.488607500000037e-05
3.488631000000037e-05
3.497948000000037e-05
3.503043500000037e-05
3.5030670000000374e-05
3.503090500000038e-05
3.503114000000038e-05
3.503137500000038e-05
3.5031610000000385e-05
3.503184500000039e-05
3.515021500000039e-05
3.5215570000000386e-05
3.5628290000000385e-05
3.5787245000000384e-05
3.578748000000039e-05
3.578771500000039e-05
3.578795000000039e-05
3.5788185000000396e-05
3.5805625000000396e-05
3.58132200000004e-05
3.58134550000004e-05
3.5813690000000405e-05
3.581392500000041e-05
3.581416000000041e-05
3.5814395000000414e-05
3.5814630000000416e-05
3.581486500000042e-05
3.581510000000042e-05
3.5815335000000425e-05
3.581557000000043e-05
3.581580500000043e-05
3.5816040000000434e-05
3.590921000000043e-05
3.596016500000043e-05
3.5960400000000436e-05
3.596063500000044e-05
3.596087000000044e-05
3.5961105000000445e-05
3.615140000000044e-05
3.625987500000044e-05
3.626011000000044e-05
3.6769260000000445e-05
3.699317500000044e-05
3.6993410000000445e-05
3.699364500000045e-05
3.699388000000045e-05
3.6994115000000454e-05
3.699435000000046e-05
3.699458500000046e-05
3.699482000000046e-05
3.6995055000000465e-05
3.699529000000047e-05
3.699552500000047e-05
3.6995760000000474e-05
3.699599500000048e-05
3.699623000000048e-05
3.699646500000048e-05
3.6996700000000486e-05
3.699693500000049e-05
3.699717000000049e-05
3.6997405000000494e-05
3.69976400000005e-05
3.69978750000005e-05
3.69981100000005e-05
3.6998345000000506e-05
3.699858000000051e-05
3.699881500000051e-05
3.6999050000000514e-05
3.738657000000051e-05
3.7531125000000514e-05
3.753136000000052e-05
3.753159500000052e-05
3.753183000000052e-05
3.7532065000000525e-05
3.753230000000053e-05
3.753253500000053e-05
3.7532770000000534e-05
3.753300500000054e-05
3.753324000000054e-05
3.753347500000054e-05
3.7533710000000546e-05
3.753394500000055e-05
3.753418000000055e-05
3.7534415000000554e-05
3.753465000000056e-05
3.753488500000056e-05
3.753512000000056e-05
3.7535355000000566e-05
3.753559000000057e-05
3.753582500000057e-05
3.7536060000000575e-05
3.753629500000058e-05
3.753653000000058e-05
3.753676500000058e-05
3.7537000000000586e-05
3.753723500000059e-05
3.753747000000059e-05
3.7537705000000595e-05
3.75379400000006e-05
3.75381750000006e-05
3.75384100000006e-05
3.7538645000000606e-05
3.753888000000061e-05
3.753911500000061e-05
3.7539350000000615e-05
3.753958500000062e-05
3.753982000000062e-05
3.7540055000000624e-05
3.7540290000000626e-05
3.754052500000063e-05
3.754076000000063e-05
3.7540995000000635e-05
3.754123000000064e-05
3.754146500000064e-05
3.7541700000000644e-05
3.754193500000065e-05
3.754217000000065e-05
3.754240500000065e-05
3.7542640000000655e-05
3.754287500000066e-05
3.754311000000066e-05
3.7543345000000664e-05
3.754358000000067e-05
3.754381500000067e-05
3.754405000000067e-05
3.7544285000000676e-05
3.754452000000068e-05
3.754475500000068e-05
3.7544990000000684e-05
3.754522500000069e-05
3.754546000000069e-05
3.754569500000069e-05
3.7545930000000696e-05
3.75461650000007e-05
3.75464000000007e-05
3.7546635000000704e-05
3.754687000000071e-05
3.754710500000071e-05
3.754734000000071e-05
3.7547575000000716e-05
3.7565015000000716e-05
3.757261000000072e-05
3.757284500000072e-05
3.7573080000000725e-05
3.757331500000073e-05
3.757355000000073e-05
3.7573785000000733e-05
3.7574020000000736e-05
3.757425500000074e-05
3.757449000000074e-05
3.8253740000000744e-05
3.8600055000000746e-05
3.860029000000075e-05
3.860052500000075e-05
3.898804500000075e-05
3.913260000000075e-05
3.9132835000000754e-05
3.9133070000000757e-05
3.913330500000076e-05
3.913354000000076e-05
3.9133775000000765e-05
3.913401000000077e-05
3.913424500000077e-05
3.9134480000000774e-05
3.913471500000078e-05
3.913495000000078e-05
3.913518500000078e-05
3.9135420000000785e-05
3.9577970000000783e-05
3.975868500000078e-05
3.9758920000000784e-05
3.975915500000079e-05
3.975939000000079e-05
4.048004000000079e-05
4.0855155000000784e-05
4.085539000000079e-05
4.085562500000079e-05
4.085586000000079e-05
4.0856095000000796e-05
4.08563300000008e-05
4.08565650000008e-05
4.0856800000000805e-05
4.085703500000081e-05
4.085727000000081e-05
4.085750500000081e-05
4.0857740000000816e-05
4.085797500000082e-05
4.085821000000082e-05
4.0858445000000825e-05
4.085868000000083e-05
4.1246200000000825e-05
4.139075500000083e-05
4.139099000000083e-05
4.139122500000083e-05
4.1391460000000836e-05
4.139169500000084e-05
4.139193000000084e-05
4.1392165000000844e-05
4.139240000000085e-05
4.139263500000085e-05
4.139287000000085e-05
4.1393105000000856e-05
4.139334000000086e-05
4.139357500000086e-05
4.1393810000000865e-05
4.139404500000087e-05
4.139428000000087e-05
4.139451500000087e-05
4.1394750000000876e-05
4.139498500000088e-05
4.139522000000088e-05
4.1395455000000885e-05
4.139569000000089e-05
4.139592500000089e-05
4.1396160000000894e-05
4.1396395000000896e-05
4.13966300000009e-05
4.13968650000009e-05
4.1397100000000905e-05
4.207635000000091e-05
4.2897725000000904e-05
4.361196000000091e-05
4.361219500000091e-05
4.361243000000091e-05
4.3612665000000916e-05
4.3828160000000914e-05
4.395103500000091e-05
4.395127000000091e-05
4.3951505000000916e-05
4.395174000000092e-05
4.395197500000092e-05
4.3952210000000925e-05
4.395244500000093e-05
4.395268000000093e-05
4.3952915000000933e-05
4.3953150000000936e-05
4.395338500000094e-05
4.395362000000094e-05
4.443757000000094e-05
4.500162000000094e-05
4.5471135000000943e-05
4.5471370000000946e-05
4.547160500000095e-05
4.547184000000095e-05
4.5472075000000955e-05
4.547231000000096e-05
4.547254500000096e-05
4.5472780000000964e-05
4.5473015000000966e-05
4.547325000000097e-05
4.586077000000097e-05
4.600532500000097e-05
4.600556000000097e-05
4.6005795000000975e-05
4.600603000000098e-05
4.600626500000098e-05
4.600650000000098e-05
4.6006735000000986e-05
4.600697000000099e-05
4.600720500000099e-05
4.6007440000000995e-05
4.6007675000001e-05
4.6007910000001e-05
4.6008145000001004e-05
4.6008380000001006e-05
4.600861500000101e-05
4.602605500000101e-05
4.603365000000101e-05
4.6033885000001015e-05
4.603412000000102e-05
4.603435500000102e-05
4.6034590000001024e-05
4.603482500000103e-05
4.603506000000103e-05
4.603529500000103e-05
4.6035530000001035e-05
4.603576500000104e-05
4.603600000000104e-05
4.6036235000001044e-05
4.603647000000105e-05
4.603670500000105e-05
4.603694000000105e-05
4.6037175000001056e-05
4.603741000000106e-05
4.603764500000106e-05
4.6037880000001064e-05
4.603811500000107e-05
4.603835000000107e-05
4.603858500000107e-05
4.6038820000001076e-05
4.603905500000108e-05
4.603929000000108e-05
4.6039525000001085e-05
4.603976000000109e-05
4.646605500000109e-05
4.663229000000109e-05
4.670018500000109e-05
4.6736660000001084e-05
4.673689500000109e-05
4.6771435000001084e-05
4.678623000000108e-05
4.6786465000001085e-05
4.678670000000109e-05
4.7174220000001085e-05
4.731877500000109e-05
4.731901000000109e-05
4.731924500000109e-05
4.7319480000001096e-05
4.73197150000011e-05
4.73199500000011e-05
4.7320185000001105e-05
4.732042000000111e-05
4.732065500000111e-05
4.7320890000001114e-05
4.7321125000001116e-05
4.732136000000112e-05
4.775928000000112e-05
4.7932635000001116e-05
4.793287000000112e-05
4.793310500000112e-05
4.7933340000001125e-05
4.793357500000113e-05
4.793381000000113e-05
4.7934045000001134e-05
4.7934280000001136e-05
4.793451500000114e-05
4.793475000000114e-05
4.851312500000114e-05
4.878736000000114e-05
4.8787595000001145e-05
4.878783000000115e-05
4.878806500000115e-05
4.8788300000001154e-05
4.878853500000116e-05
4.878877000000116e-05
4.878900500000116e-05
4.8789240000001165e-05
4.878947500000117e-05
4.878971000000117e-05
4.8789945000001174e-05
4.879018000000118e-05
4.879041500000118e-05
4.879065000000118e-05
4.8790885000001186e-05
4.879112000000119e-05
4.879135500000119e-05
4.8791590000001194e-05
4.87918250000012e-05
4.87920600000012e-05
4.87922950000012e-05
4.8792530000001206e-05
4.9193625000001204e-05
4.934546000000121e-05
4.9732980000001204e-05
4.987753500000121e-05
4.987777000000121e-05
5.034814500000121e-05
5.055038000000121e-05
5.055061500000121e-05
5.0550850000001214e-05
5.0551085000001217e-05
5.055132000000122e-05
5.055155500000122e-05
5.0551790000001225e-05
5.055202500000123e-05
5.098994500000123e-05
5.1163300000001225e-05
5.157602000000122e-05
5.173497500000122e-05
5.1735210000001226e-05
5.173544500000123e-05
5.173568000000123e-05
5.1735915000001235e-05
5.173615000000124e-05
5.173638500000124e-05
5.1736620000001243e-05
5.1736855000001246e-05
5.173709000000125e-05
5.217501000000125e-05
5.2348365000001246e-05
5.234860000000125e-05
5.234883500000125e-05
5.2349070000001255e-05
5.234930500000126e-05
5.234954000000126e-05
5.2349775000001264e-05
5.2350010000001266e-05
5.235024500000127e-05
5.235048000000127e-05
5.2350715000001275e-05
5.235095000000128e-05
5.235118500000128e-05
5.2351420000001284e-05
5.2351655000001287e-05
5.235189000000129e-05
5.235212500000129e-05
5.2352360000001295e-05
5.23525950000013e-05
5.23528300000013e-05
5.2353065000001304e-05
5.235330000000131e-05
5.235353500000131e-05
5.235377000000131e-05
5.2354005000001315e-05
5.235424000000132e-05
5.235447500000132e-05
5.2354710000001324e-05
5.235494500000133e-05
5.235518000000133e-05
5.235541500000133e-05
5.2355650000001336e-05
5.235588500000134e-05
5.235612000000134e-05
5.2356355000001344e-05
5.235659000000135e-05
5.235682500000135e-05
5.235706000000135e-05
5.2357295000001356e-05
5.235753000000136e-05
5.235776500000136e-05
5.2358000000001365e-05
5.235823500000137e-05
5.2759330000001366e-05
5.291116500000137e-05
5.338154000000137e-05
5.358377500000137e-05
5.358401000000137e-05
5.358424500000137e-05
5.3584480000001376e-05
5.358471500000138e-05
5.358495000000138e-05
5.3585185000001385e-05
5.4023105000001384e-05
5.419646000000138e-05
5.4196695000001384e-05
5.419693000000139e-05
5.419716500000139e-05
5.419740000000139e-05
5.4197635000001396e-05
5.41978700000014e-05
5.41981050000014e-05
5.4198340000001405e-05
5.419857500000141e-05
5.419881000000141e-05
5.458633000000141e-05
5.473088500000141e-05
5.473112000000141e-05
5.4731355000001416e-05
5.473159000000142e-05
5.473182500000142e-05
5.4732060000001424e-05
5.473229500000143e-05
5.473253000000143e-05
5.473276500000143e-05
5.4733000000001436e-05
5.473323500000144e-05
5.4767775000001436e-05
5.4782570000001434e-05
5.478280500000144e-05
5.478304000000144e-05
5.478327500000144e-05
5.4783510000001446e-05
5.478374500000145e-05
5.478398000000145e-05
5.480142000000145e-05
5.4809015000001454e-05
5.480925000000146e-05
5.480948500000146e-05
5.480972000000146e-05
5.4809955000001466e-05
5.519747500000146e-05
5.5342030000001465e-05
5.5384725000001464e-05
5.540680000000146e-05
5.5407035000001466e-05
5.540727000000147e-05
5.540750500000147e-05
5.5407740000001475e-05
5.540797500000148e-05
5.540821000000148e-05
5.540844500000148e-05
5.5408680000001486e-05
5.540891500000149e-05
5.581001000000149e-05
5.596184500000149e-05
5.637456500000149e-05
5.653352000000149e-05
5.653375500000149e-05
5.6533990000001495e-05
5.65342250000015e-05
5.65344600000015e-05
5.65346950000015e-05
5.6534930000001506e-05
5.653516500000151e-05
5.653540000000151e-05
5.6535635000001515e-05
5.653587000000152e-05
5.653610500000152e-05
5.6536340000001523e-05
5.6536575000001526e-05
5.653681000000153e-05
5.653704500000153e-05
5.6537280000001535e-05
5.653751500000154e-05
5.653775000000154e-05
5.6537985000001544e-05
5.6538220000001547e-05
5.653845500000155e-05
5.653869000000155e-05
5.6538925000001555e-05
5.653916000000156e-05
5.653939500000156e-05
5.6539630000001564e-05
5.653986500000157e-05
5.654010000000157e-05
5.654033500000157e-05
5.6540570000001575e-05
5.654080500000158e-05
5.654104000000158e-05
5.6541275000001584e-05
5.654151000000159e-05
5.654174500000159e-05
5.654198000000159e-05
5.6542215000001596e-05
5.65424500000016e-05
5.65426850000016e-05
5.6542920000001604e-05
5.654315500000161e-05
5.654339000000161e-05
5.693091000000161e-05
5.707546500000161e-05
5.707570000000161e-05
5.7075935000001615e-05
5.707617000000162e-05
5.707640500000162e-05
5.7076640000001624e-05
5.707687500000163e-05
5.707711000000163e-05
5.707734500000163e-05
5.7077580000001636e-05
5.707781500000164e-05
5.707805000000164e-05
5.7078285000001644e-05
5.707852000000165e-05
5.707875500000165e-05
5.707899000000165e-05
5.7079225000001656e-05
5.707946000000166e-05
5.707969500000166e-05
5.7079930000001664e-05
5.708016500000167e-05
5.708040000000167e-05
5.708063500000167e-05
5.7080870000001676e-05
5.708110500000168e-05
5.708134000000168e-05
5.7081575000001685e-05
5.708181000000169e-05
5.708204500000169e-05
5.708228000000169e-05
5.7082515000001696e-05
5.7536690000001694e-05
5.7724525000001695e-05
5.77247600000017e-05
5.77249950000017e-05
5.7725230000001704e-05
5.772546500000171e-05
5.772570000000171e-05
5.772593500000171e-05
5.7726170000001715e-05
5.772640500000172e-05
5.772664000000172e-05
5.7726875000001724e-05
5.772711000000173e-05
5.772734500000173e-05
5.772758000000173e-05
5.7727815000001736e-05
5.772805000000174e-05
5.772828500000174e-05
5.7728520000001744e-05
5.772875500000175e-05
5.772899000000175e-05
5.772922500000175e-05
5.7729460000001756e-05
5.772969500000176e-05
5.772993000000176e-05
5.7730165000001764e-05
5.773040000000177e-05
5.773063500000177e-05
5.773087000000177e-05
5.7731105000001776e-05
5.773134000000178e-05
5.773157500000178e-05
5.7731810000001785e-05
5.773204500000179e-05
5.773228000000179e-05
5.773251500000179e-05
5.7732750000001796e-05
5.77329850000018e-05
5.77332200000018e-05
5.7733455000001805e-05
5.773369000000181e-05
5.773392500000181e-05
5.7734160000001814e-05
5.7734395000001816e-05
5.773463000000182e-05
5.773486500000182e-05
5.7735100000001825e-05
5.773533500000183e-05
5.773557000000183e-05
5.7735805000001834e-05
5.773604000000184e-05
5.773627500000184e-05
5.773651000000184e-05
5.7736745000001845e-05
5.773698000000185e-05
5.773721500000185e-05
5.7737450000001854e-05
5.773768500000186e-05
5.773792000000186e-05
5.773815500000186e-05
5.7738390000001865e-05
5.773862500000187e-05
5.773886000000187e-05
5.7739095000001874e-05
5.773933000000188e-05
5.773956500000188e-05
5.773980000000188e-05
5.7740035000001886e-05
5.774027000000189e-05
5.774050500000189e-05
5.7740740000001894e-05
5.77409750000019e-05
5.77412100000019e-05
5.77414450000019e-05
5.7741680000001906e-05
5.774191500000191e-05
5.774215000000191e-05
5.7742385000001915e-05
5.774262000000192e-05
5.774285500000192e-05
5.774309000000192e-05
5.7743325000001926e-05
5.774356000000193e-05
5.774379500000193e-05
5.7744030000001935e-05
5.774426500000194e-05
5.774450000000194e-05
5.778727000000194e-05
5.7809425000001936e-05
5.780966000000194e-05
5.780989500000194e-05
5.7810130000001944e-05
5.781036500000195e-05
5.781060000000195e-05
5.781083500000195e-05
5.7811070000001956e-05
5.781130500000196e-05
5.781154000000196e-05
5.7811775000001964e-05
5.7829215000001965e-05
5.783681000000197e-05
5.783704500000197e-05
5.785448500000197e-05
5.7862080000001973e-05
5.7862315000001976e-05
5.786255000000198e-05
5.786278500000198e-05
5.7863020000001985e-05
5.789756000000198e-05
5.791235500000198e-05
5.791259000000198e-05
5.7912825000001986e-05
5.791306000000199e-05
5.791329500000199e-05
5.7913530000001995e-05
5.7913765000002e-05
5.7914000000002e-05
5.7914235000002e-05
5.7914470000002006e-05
5.791470500000201e-05
5.791494000000201e-05
5.7915175000002015e-05
5.791541000000202e-05
5.867746000000202e-05
5.908137500000202e-05
5.908161000000202e-05
5.908184500000202e-05
5.9082080000002026e-05
5.908231500000203e-05
5.908255000000203e-05
5.9082785000002035e-05
5.9100225000002035e-05
5.910782000000204e-05
5.910805500000204e-05
5.9108290000002044e-05
5.9108525000002046e-05
5.910876000000205e-05
5.932433000000205e-05
5.9447285000002055e-05
5.944752000000206e-05
5.944775500000206e-05
5.944799000000206e-05
5.9448225000002066e-05
5.944846000000207e-05
5.944869500000207e-05
5.9448930000002075e-05
5.944916500000208e-05
5.944940000000208e-05
5.9449635000002084e-05
5.9449870000002086e-05
5.945010500000209e-05
5.945034000000209e-05
5.9450575000002095e-05
5.94508100000021e-05
5.94510450000021e-05
5.9451280000002104e-05
5.945151500000211e-05
5.945175000000211e-05
5.945198500000211e-05
5.9452220000002115e-05
5.945245500000212e-05
5.945269000000212e-05
5.9452925000002124e-05
5.945316000000213e-05
5.945339500000213e-05
5.945363000000213e-05
5.9453865000002136e-05
5.945410000000214e-05
5.945433500000214e-05
5.9454570000002144e-05
5.945480500000215e-05
5.945504000000215e-05
5.945527500000215e-05
5.9455510000002156e-05
5.945574500000216e-05
5.945598000000216e-05
5.9456215000002164e-05
5.945645000000217e-05
5.945668500000217e-05
5.945692000000217e-05
5.9457155000002176e-05
5.945739000000218e-05
5.945762500000218e-05
5.952559500000218e-05
5.956215000000218e-05
5.9562385000002185e-05
5.956262000000219e-05
5.956285500000219e-05
5.9563090000002194e-05
5.95633250000022e-05
5.95635600000022e-05
5.95637950000022e-05
5.9564030000002205e-05
5.956426500000221e-05
5.956450000000221e-05
5.9564735000002214e-05
5.956497000000222e-05
5.956520500000222e-05
5.956544000000222e-05
5.9565675000002226e-05
5.956591000000223e-05
5.956614500000223e-05
5.9566380000002234e-05
5.956661500000224e-05
5.956685000000224e-05
5.956708500000224e-05
5.9567320000002246e-05
5.956755500000225e-05
5.956779000000225e-05
5.9568025000002254e-05
5.956826000000226e-05
5.956849500000226e-05
5.956873000000226e-05
5.9568965000002266e-05
5.956920000000227e-05
5.956943500000227e-05
5.9569670000002275e-05
5.956990500000228e-05
5.957014000000228e-05
5.957037500000228e-05
5.9570610000002286e-05
5.957084500000229e-05
5.957108000000229e-05
5.9571315000002295e-05
5.95715500000023e-05
5.95717850000023e-05
5.9572020000002303e-05
5.9572255000002306e-05
5.957249000000231e-05
5.957272500000231e-05
5.9572960000002315e-05
5.957319500000232e-05
5.957343000000232e-05
5.9573665000002324e-05
5.9573900000002327e-05
5.957413500000233e-05
5.957437000000233e-05
5.9574605000002335e-05
5.957484000000234e-05
5.957507500000234e-05
5.9575310000002344e-05
5.957554500000235e-05
5.957578000000235e-05
5.957601500000235e-05
5.9576250000002355e-05
5.957648500000236e-05
5.957672000000236e-05
5.9576955000002364e-05
5.957719000000237e-05
5.957742500000237e-05
5.957766000000237e-05
5.9577895000002376e-05
5.957813000000238e-05
5.957836500000238e-05
5.9578600000002384e-05
5.957883500000239e-05
5.957907000000239e-05
5.957930500000239e-05
5.9579540000002396e-05
5.9596980000002396e-05
5.96045750000024e-05
5.96048100000024e-05
5.9605045000002405e-05
5.960528000000241e-05
5.960551500000241e-05
5.960575000000241e-05
5.9623190000002414e-05
5.9630785000002416e-05
5.9648300000002415e-05
5.965597500000242e-05
5.965621000000242e-05
5.965644500000242e-05
5.9656680000002425e-05
5.965691500000243e-05
5.965715000000243e-05
5.9657385000002434e-05
5.965762000000244e-05
5.965785500000244e-05
5.965809000000244e-05
5.9658325000002446e-05
5.965856000000245e-05
5.989925500000245e-05
6.003653000000245e-05
6.003676500000245e-05
6.0037000000002454e-05
6.003723500000246e-05
6.003747000000246e-05
6.003770500000246e-05
6.0037940000002466e-05
6.003817500000247e-05
6.003841000000247e-05
6.0038645000002475e-05
6.003888000000248e-05
6.0056395000002476e-05
6.006407000000248e-05
6.006430500000248e-05
6.0064540000002484e-05
6.0064775000002486e-05
6.006501000000249e-05
6.006524500000249e-05
6.0065480000002495e-05
6.00657150000025e-05
6.00659500000025e-05
6.0066185000002504e-05
6.006642000000251e-05
6.006665500000251e-05
6.006689000000251e-05
6.0067125000002515e-05
6.006736000000252e-05
6.006759500000252e-05
6.0067830000002524e-05
6.028332500000252e-05
6.040620000000252e-05
6.040643500000252e-05
6.0406670000002524e-05
6.040690500000253e-05
6.040714000000253e-05
6.040737500000253e-05
6.0407610000002536e-05
6.040784500000254e-05
6.040808000000254e-05
6.059837500000254e-05
6.070685000000254e-05
6.070708500000254e-05
6.070732000000254e-05
6.0707555000002546e-05
6.070779000000255e-05
6.070802500000255e-05
6.0708260000002555e-05
6.070849500000256e-05
6.070873000000256e-05
6.070896500000256e-05
6.0709200000002566e-05
6.070943500000257e-05
6.070967000000257e-05
6.0709905000002575e-05
6.071014000000258e-05
6.071037500000258e-05
6.0710610000002584e-05
6.0710845000002586e-05
6.071108000000259e-05
6.071131500000259e-05
6.0711550000002595e-05
6.07117850000026e-05
6.07120200000026e-05
6.0712255000002604e-05
6.07467950000026e-05
6.11995550000026e-05
6.13876300000026e-05
6.18139250000026e-05
6.19801600000026e-05
6.19803950000026e-05
6.198063000000259e-05
6.198086500000259e-05
6.198110000000258e-05
6.198133500000258e-05
6.198157000000258e-05
6.198180500000257e-05
6.198204000000257e-05
6.198227500000256e-05
6.198251000000256e-05
6.198274500000256e-05
6.198298000000255e-05
6.198321500000255e-05
6.198345000000254e-05
6.198368500000254e-05
6.198392000000254e-05
6.198415500000253e-05
6.198439000000253e-05
6.198462500000253e-05
6.198486000000252e-05
6.198509500000252e-05
6.198533000000251e-05
6.198556500000251e-05
6.19858000000025e-05
6.19860350000025e-05
6.19862700000025e-05
6.19865050000025e-05
6.198674000000249e-05
6.198697500000249e-05
6.198721000000248e-05
6.198744500000248e-05
6.198768000000247e-05
6.198791500000247e-05
6.198815000000247e-05
6.198838500000246e-05
6.198862000000246e-05
6.198885500000246e-05
6.198909000000245e-05
6.198932500000245e-05
6.198956000000244e-05
6.198979500000244e-05
6.199003000000244e-05
6.199026500000243e-05
6.199050000000243e-05
6.199073500000242e-05
6.199097000000242e-05
6.199120500000242e-05
6.199144000000241e-05
6.237896000000242e-05
6.252351500000241e-05
6.252375000000241e-05
6.25239850000024e-05
6.25242200000024e-05
6.25244550000024e-05
6.252469000000239e-05
6.252492500000239e-05
6.252516000000238e-05
6.252539500000238e-05
6.252563000000238e-05
6.252586500000237e-05
6.252610000000237e-05
6.252633500000237e-05
6.252657000000236e-05
6.252680500000236e-05
6.252704000000235e-05
6.252727500000235e-05
6.252751000000235e-05
6.252774500000234e-05
6.252798000000234e-05
6.252821500000233e-05
6.295719000000233e-05
6.313062500000233e-05
6.356854500000233e-05
6.374190000000234e-05
6.374213500000233e-05
6.374237000000233e-05
6.374260500000233e-05
6.374284000000232e-05
6.374307500000232e-05
6.374331000000231e-05
6.374354500000231e-05
6.374378000000231e-05
6.37440150000023e-05
6.37442500000023e-05
6.37444850000023e-05
6.374472000000229e-05
6.374495500000229e-05
6.374519000000228e-05
6.376270500000228e-05
6.377038000000228e-05
6.377061500000228e-05
6.377085000000228e-05
6.377108500000227e-05
6.377132000000227e-05
6.377155500000226e-05
6.377179000000226e-05
6.377202500000226e-05
6.377226000000225e-05
6.377249500000225e-05
6.377273000000225e-05
6.377296500000224e-05
6.377320000000224e-05
6.377343500000223e-05
6.377367000000223e-05
6.377390500000223e-05
6.377414000000222e-05
6.377437500000222e-05
6.377461000000221e-05
6.377484500000221e-05
6.37750800000022e-05
6.37753150000022e-05
6.37755500000022e-05
6.43476600000022e-05
6.46435750000022e-05
6.46438100000022e-05
6.464404500000219e-05
6.464428000000219e-05
6.464451500000218e-05
6.507349000000218e-05
6.524692500000218e-05
6.524716000000217e-05
6.524739500000217e-05
6.524763000000217e-05
6.524786500000216e-05
6.524810000000216e-05
6.524833500000215e-05
6.524857000000215e-05
6.524880500000215e-05
6.524904000000214e-05
6.524927500000214e-05
6.524951000000213e-05
6.524974500000213e-05
6.524998000000213e-05
6.525021500000212e-05
6.572059000000213e-05
6.592282500000213e-05
6.592306000000213e-05
6.592329500000213e-05
6.592353000000212e-05
6.592376500000212e-05
6.592400000000212e-05
6.592423500000211e-05
6.592447000000211e-05
6.59247050000021e-05
6.59249400000021e-05
6.59251750000021e-05
6.592541000000209e-05
6.592564500000209e-05
6.592588000000208e-05
6.592611500000208e-05
6.592635000000208e-05
6.592658500000207e-05
6.592682000000207e-05
6.592705500000206e-05
6.592729000000206e-05
6.592752500000206e-05
6.592776000000205e-05
6.592799500000205e-05
6.592823000000205e-05
6.592846500000204e-05
6.592870000000204e-05
6.592893500000203e-05
6.592917000000203e-05
6.592940500000203e-05
6.592964000000202e-05
6.592987500000202e-05
6.593011000000201e-05
6.593034500000201e-05
6.5930580000002e-05
6.5930815000002e-05
6.5931050000002e-05
6.5931285000002e-05
6.593152000000199e-05
6.593175500000199e-05
6.593199000000198e-05
6.593222500000198e-05
6.593246000000198e-05
6.593269500000197e-05
6.593293000000197e-05
6.593316500000196e-05
6.593340000000196e-05
6.593363500000196e-05
6.593387000000195e-05
6.593410500000195e-05
6.593434000000194e-05
6.593457500000194e-05
6.593481000000194e-05
6.593504500000193e-05
6.593528000000193e-05
6.593551500000192e-05
6.593575000000192e-05
6.593598500000192e-05
6.593622000000191e-05
6.593645500000191e-05
6.59366900000019e-05
6.59369250000019e-05
6.59371600000019e-05
6.59373950000019e-05
6.593763000000189e-05
6.593786500000189e-05
6.593810000000188e-05
6.593833500000188e-05
6.593857000000187e-05
6.593880500000187e-05
6.593904000000187e-05
6.593927500000186e-05
6.593951000000186e-05
6.593974500000185e-05
6.593998000000185e-05
6.594021500000185e-05
6.594045000000184e-05
6.594068500000184e-05
6.594092000000184e-05
6.594115500000183e-05
6.594139000000183e-05
6.594162500000182e-05
6.594186000000182e-05
6.594209500000182e-05
6.594233000000181e-05
6.594256500000181e-05
6.59428000000018e-05
6.59430350000018e-05
6.59432700000018e-05
6.594350500000179e-05
6.594374000000179e-05
6.594397500000178e-05
6.594421000000178e-05
6.594444500000178e-05
6.594468000000177e-05
6.594491500000177e-05
6.594515000000177e-05
6.594538500000176e-05
6.594562000000176e-05
6.594585500000175e-05
6.594609000000175e-05
6.594632500000175e-05
6.594656000000174e-05
6.594679500000174e-05
6.594703000000173e-05
6.594726500000173e-05
6.594750000000173e-05
6.594773500000172e-05
6.594797000000172e-05
6.594820500000171e-05
6.594844000000171e-05
6.594867500000171e-05
6.59489100000017e-05
6.59491450000017e-05
6.59493800000017e-05
6.64197550000017e-05
6.662199000000171e-05
6.66222250000017e-05
6.706014500000171e-05
6.723350000000171e-05
6.723373500000171e-05
6.72339700000017e-05
6.72342050000017e-05
6.72344400000017e-05
6.72346750000017e-05
6.723491000000169e-05
6.723514500000169e-05
6.723538000000168e-05
6.723561500000168e-05
6.767816500000168e-05
6.785888000000169e-05
6.785911500000168e-05
6.785935000000168e-05
6.785958500000168e-05
6.785982000000167e-05
6.786005500000167e-05
6.786029000000166e-05
6.786052500000166e-05
6.786076000000166e-05
6.786099500000165e-05
6.786123000000165e-05
6.786146500000164e-05
6.786170000000164e-05
6.786193500000164e-05
6.786217000000163e-05
6.786240500000163e-05
6.786264000000163e-05
6.786287500000162e-05
6.786311000000162e-05
6.825063000000162e-05
6.839518500000162e-05
6.839542000000161e-05
6.839565500000161e-05
6.83958900000016e-05
6.83961250000016e-05
6.83963600000016e-05
6.83965950000016e-05
6.839683000000159e-05
6.839706500000159e-05
6.839730000000158e-05
6.839753500000158e-05
6.839777000000157e-05
6.839800500000157e-05
6.839824000000157e-05
6.839847500000156e-05
6.839871000000156e-05
6.839894500000155e-05
6.839918000000155e-05
6.839941500000155e-05
6.839965000000154e-05
6.839988500000154e-05
6.840012000000154e-05
6.840035500000153e-05
6.840059000000153e-05
6.840082500000152e-05
6.840106000000152e-05
6.840129500000152e-05
6.840153000000151e-05
6.840176500000151e-05
6.84020000000015e-05
6.84022350000015e-05
6.84024700000015e-05
6.840270500000149e-05
6.840294000000149e-05
6.840317500000148e-05
6.840341000000148e-05
6.840364500000148e-05
6.840388000000147e-05
6.840411500000147e-05
6.840435000000147e-05
6.840458500000146e-05
6.840482000000146e-05
6.840505500000145e-05
6.840529000000145e-05
6.840552500000145e-05
6.840576000000144e-05
6.840599500000144e-05
6.840623000000143e-05
6.840646500000143e-05
6.840670000000143e-05
6.840693500000142e-05
6.840717000000142e-05
6.840740500000141e-05
6.840764000000141e-05
6.840787500000141e-05
6.84081100000014e-05
6.84083450000014e-05
6.84085800000014e-05
6.840881500000139e-05
6.840905000000139e-05
6.840928500000138e-05
6.840952000000138e-05
6.840975500000138e-05
6.840999000000137e-05
6.841022500000137e-05
6.841046000000136e-05
6.841069500000136e-05
6.841093000000136e-05
6.841116500000135e-05
6.841140000000135e-05
6.841163500000134e-05
6.841187000000134e-05
6.841210500000134e-05
6.841234000000133e-05
6.841257500000133e-05
6.841281000000133e-05
6.841304500000132e-05
6.841328000000132e-05
6.841351500000131e-05
6.841375000000131e-05
6.84139850000013e-05
6.84142200000013e-05
6.84144550000013e-05
6.84146900000013e-05
6.841492500000129e-05
6.841516000000129e-05
6.841539500000128e-05
6.841563000000128e-05
6.841586500000127e-05
6.841610000000127e-05
6.841633500000127e-05
6.841657000000126e-05
6.841680500000126e-05
6.841704000000126e-05
6.841727500000125e-05
6.841751000000125e-05
6.841774500000124e-05
6.841798000000124e-05
6.841821500000124e-05
6.841845000000123e-05
6.841868500000123e-05
6.841892000000122e-05
6.841915500000122e-05
6.841939000000122e-05
6.841962500000121e-05
6.841986000000121e-05
6.84200950000012e-05
6.84203300000012e-05
6.84205650000012e-05
6.842080000000119e-05
6.842103500000119e-05
6.842127000000119e-05
6.842150500000118e-05
6.842174000000118e-05
6.842197500000117e-05
6.842221000000117e-05
6.842244500000117e-05
6.842268000000116e-05
6.842291500000116e-05
6.842315000000115e-05
6.842338500000115e-05
6.842362000000115e-05
6.842385500000114e-05
6.842409000000114e-05
6.842432500000113e-05
6.842456000000113e-05
6.842479500000113e-05
6.842503000000112e-05
6.842526500000112e-05
6.842550000000112e-05
6.842573500000111e-05
6.842597000000111e-05
6.84262050000011e-05
6.84264400000011e-05
6.84266750000011e-05
6.842691000000109e-05
6.88144300000011e-05
6.96240300000011e-05
7.00716250000011e-05
7.007186000000109e-05
7.007209500000109e-05
7.007233000000108e-05
7.007256500000108e-05
7.007280000000108e-05
7.007303500000107e-05
7.007327000000107e-05
7.007350500000106e-05
7.007374000000106e-05
7.007397500000106e-05
7.007421000000105e-05
7.007444500000105e-05
7.007468000000104e-05
7.007491500000104e-05
7.007515000000104e-05
7.007538500000103e-05
7.007562000000103e-05
7.007585500000102e-05
7.007609000000102e-05
7.007632500000102e-05
7.007656000000101e-05
7.007679500000101e-05
7.0077030000001e-05
7.0077265000001e-05
7.0077500000001e-05
7.0077735000001e-05
7.007797000000099e-05
7.007820500000099e-05
7.007844000000098e-05
7.007867500000098e-05
7.007891000000097e-05
7.007914500000097e-05
7.007938000000097e-05
7.007961500000096e-05
7.007985000000096e-05
7.008008500000095e-05
7.008032000000095e-05
7.008055500000095e-05
7.008079000000094e-05
7.008102500000094e-05
7.008126000000094e-05
7.008149500000093e-05
7.008173000000093e-05
7.008196500000092e-05
7.008220000000092e-05
7.008243500000092e-05
7.008267000000091e-05
7.008290500000091e-05
7.00831400000009e-05
7.00833750000009e-05
7.00836100000009e-05
7.008384500000089e-05
7.008408000000089e-05
7.008431500000088e-05
7.008455000000088e-05
7.008478500000088e-05
7.008502000000087e-05
7.008525500000087e-05
7.008549000000087e-05
7.008572500000086e-05
7.008596000000086e-05
7.008619500000085e-05
7.008643000000085e-05
7.008666500000085e-05
7.008690000000084e-05
7.008713500000084e-05
7.008737000000083e-05
7.008760500000083e-05
7.008784000000083e-05
7.008807500000082e-05
7.008831000000082e-05
7.008854500000081e-05
7.008878000000081e-05
7.00890150000008e-05
7.00892500000008e-05
7.00894850000008e-05
7.00897200000008e-05
7.008995500000079e-05
7.009019000000079e-05
7.009042500000078e-05
7.009066000000078e-05
7.009089500000078e-05
7.009113000000077e-05
7.009136500000077e-05
7.062834000000077e-05
7.087377500000078e-05
7.087401000000077e-05
7.127510500000077e-05
7.142694000000077e-05
7.142717500000077e-05
7.142741000000077e-05
7.142764500000076e-05
7.142788000000076e-05
7.142811500000075e-05
7.142835000000075e-05
7.142858500000075e-05
7.147135500000074e-05
7.149351000000074e-05
7.149374500000074e-05
7.149398000000073e-05
7.149421500000073e-05
7.149445000000073e-05
7.149468500000072e-05
7.149492000000072e-05
7.149515500000071e-05
7.203213000000072e-05
7.227756500000072e-05
7.227780000000072e-05
7.227803500000072e-05
7.227827000000071e-05
7.266579000000072e-05
7.281034500000071e-05
7.281058000000071e-05
7.28108150000007e-05
7.28110500000007e-05
7.28112850000007e-05
7.281152000000069e-05
7.281175500000069e-05
7.281199000000068e-05
7.281222500000068e-05
7.281246000000068e-05
7.281269500000067e-05
7.281293000000067e-05
7.281316500000066e-05
7.325571500000067e-05
7.343643000000067e-05
7.343666500000067e-05
7.343690000000067e-05
7.343713500000066e-05
7.343737000000066e-05
7.387992000000066e-05
7.406063500000067e-05
7.406087000000066e-05
7.406110500000066e-05
7.406134000000066e-05
7.406157500000065e-05
7.406181000000065e-05
7.406204500000064e-05
7.406228000000064e-05
7.406251500000064e-05
7.406275000000063e-05
7.406298500000063e-05
7.427848000000063e-05
7.440135500000062e-05
7.440159000000062e-05
7.440182500000061e-05
7.440206000000061e-05
7.440229500000061e-05
7.44025300000006e-05
7.44027650000006e-05
7.44030000000006e-05
7.440323500000059e-05
7.440347000000059e-05
7.445511000000058e-05
7.447710500000058e-05
7.447734000000058e-05
7.447757500000057e-05
7.447781000000057e-05
7.447804500000057e-05
7.447828000000056e-05
7.447851500000056e-05
7.447875000000055e-05
7.447898500000055e-05
7.447922000000055e-05
7.447945500000054e-05
7.447969000000054e-05
7.447992500000054e-05
7.448016000000053e-05
7.448039500000053e-05
7.455736500000053e-05
7.459392000000053e-05
7.459415500000053e-05
7.459439000000053e-05
7.459462500000052e-05
7.459486000000052e-05
7.459509500000051e-05
7.459533000000051e-05
7.459556500000051e-05
7.45958000000005e-05
7.45960350000005e-05
7.45962700000005e-05
7.464791000000049e-05
7.466990500000049e-05
7.467014000000049e-05
7.467037500000048e-05
7.467061000000048e-05
7.467084500000047e-05
7.467108000000047e-05
7.467131500000047e-05
7.467155000000046e-05
7.467178500000046e-05
7.467202000000045e-05
7.467225500000045e-05
7.467249000000045e-05
7.467272500000044e-05
7.467296000000044e-05
7.467319500000044e-05
7.467343000000043e-05
7.467366500000043e-05
7.467390000000042e-05
7.467413500000042e-05
7.467437000000042e-05
7.467460500000041e-05
7.467484000000041e-05
7.46750750000004e-05
7.46753100000004e-05
7.46755450000004e-05
7.467578000000039e-05
7.56189100000004e-05
7.604458500000039e-05
7.604482000000039e-05
7.604505500000038e-05
7.604529000000038e-05
7.604552500000038e-05
7.604576000000037e-05
7.604599500000037e-05
7.604623000000037e-05
7.604646500000036e-05
7.604670000000036e-05
7.604693500000035e-05
7.604717000000035e-05
7.604740500000035e-05
7.604764000000034e-05
7.604787500000034e-05
7.604811000000033e-05
7.604834500000033e-05
7.604858000000033e-05
7.604881500000032e-05
7.604905000000032e-05
7.604928500000031e-05
7.604952000000031e-05
7.60497550000003e-05
7.60499900000003e-05
7.60502250000003e-05
7.60504600000003e-05
7.605069500000029e-05
7.605093000000029e-05
7.605116500000028e-05
7.605140000000028e-05
7.605163500000028e-05
7.605187000000027e-05
7.605210500000027e-05
7.605234000000026e-05
7.605257500000026e-05
7.605281000000026e-05
7.605304500000025e-05
7.605328000000025e-05
7.605351500000024e-05
7.605375000000024e-05
7.605398500000024e-05
7.605422000000023e-05
7.605445500000023e-05
7.605469000000023e-05
7.605492500000022e-05
7.605516000000022e-05
7.605539500000021e-05
7.605563000000021e-05
7.60558650000002e-05
7.60561000000002e-05
7.61248400000002e-05
7.61540350000002e-05
7.61542700000002e-05
7.61545050000002e-05
7.615474000000019e-05
7.615497500000019e-05
7.615521000000018e-05
7.615544500000018e-05
7.615568000000017e-05
7.615591500000017e-05
7.615615000000017e-05
7.615638500000016e-05
7.615662000000016e-05
7.615685500000016e-05
7.615709000000015e-05
7.615732500000015e-05
7.615756000000014e-05
7.615779500000014e-05
7.615803000000014e-05
7.615826500000013e-05
7.615850000000013e-05
7.615873500000012e-05
7.615897000000012e-05
7.615920500000012e-05
7.615944000000011e-05
7.615967500000011e-05
7.61599100000001e-05
7.61601450000001e-05
7.61603800000001e-05
7.616061500000009e-05
7.616085000000009e-05
7.616108500000009e-05
7.616132000000008e-05
7.616155500000008e-05
7.616179000000007e-05
7.616202500000007e-05
7.616226000000007e-05
7.616249500000006e-05
7.616273000000006e-05
7.616296500000005e-05
7.616320000000005e-05
7.616343500000005e-05
7.616367000000004e-05
7.616390500000004e-05
7.616414000000003e-05
7.616437500000003e-05
7.616461000000003e-05
7.616484500000002e-05
7.616508000000002e-05
7.616531500000002e-05
7.616555000000001e-05
7.616578500000001e-05
7.616602e-05
7.655354000000001e-05
7.6698095e-05
7.669833e-05
7.671577e-05
7.6723365e-05
7.672359999999999e-05
7.672383499999999e-05
7.672406999999998e-05
7.672430499999998e-05
7.672453999999998e-05
7.672477499999997e-05
7.672500999999997e-05
7.672524499999996e-05
7.672547999999996e-05
7.672571499999996e-05
7.672594999999995e-05
7.713866999999996e-05
7.729762499999996e-05
7.729785999999995e-05
7.729809499999995e-05
7.729832999999995e-05
7.729856499999994e-05
7.729879999999994e-05
7.729903499999993e-05
7.729926999999993e-05
7.729950499999993e-05
7.729973999999992e-05
7.729997499999992e-05
7.730020999999991e-05
7.730044499999991e-05
7.730067999999991e-05
7.73009149999999e-05
7.73011499999999e-05
7.73013849999999e-05
7.730161999999989e-05
7.730185499999989e-05
7.768937499999989e-05
7.783392999999989e-05
7.783416499999988e-05
7.783439999999988e-05
7.783463499999988e-05
7.783486999999987e-05
7.783510499999987e-05
7.833067999999986e-05
7.854731499999986e-05
7.854754999999985e-05
7.854778499999985e-05
7.854801999999985e-05
7.854825499999984e-05
7.854848999999984e-05
7.854872499999983e-05
7.854895999999983e-05
7.854919499999983e-05
7.854942999999982e-05
7.854966499999982e-05
7.854989999999982e-05
7.864306999999981e-05
7.869402499999981e-05
7.86942599999998e-05
7.86944949999998e-05
7.90820149999998e-05
7.92265699999998e-05
7.92268049999998e-05
7.922703999999979e-05
7.922727499999979e-05
7.922750999999978e-05
7.922774499999978e-05
7.922797999999978e-05
7.922821499999977e-05
7.922844999999977e-05
7.922868499999976e-05
7.922891999999976e-05
7.922915499999976e-05
7.922938999999975e-05
7.922962499999975e-05
7.922985999999974e-05
7.923009499999974e-05
7.923032999999974e-05
7.923056499999973e-05
7.923079999999973e-05
7.923103499999973e-05
7.923126999999972e-05
7.923150499999972e-05
7.923173999999971e-05
7.923197499999971e-05
7.964469499999972e-05
7.980364999999971e-05
7.980388499999971e-05
8.02670049999997e-05
8.04547599999997e-05
8.04549949999997e-05
8.045522999999969e-05
8.045546499999969e-05
8.045569999999968e-05
8.045593499999968e-05
8.045616999999968e-05
8.045640499999967e-05
8.045663999999967e-05
8.045687499999966e-05
8.045710999999966e-05
8.045734499999966e-05
8.045757999999965e-05
8.045781499999965e-05
8.087053499999965e-05
8.102948999999965e-05
8.102972499999965e-05
8.102995999999965e-05
8.103019499999964e-05
8.103042999999964e-05
8.103066499999963e-05
8.103089999999963e-05
8.103113499999963e-05
8.106567499999963e-05
8.151843499999963e-05
8.170650999999964e-05
8.177440499999964e-05
8.181087999999963e-05
8.181111499999963e-05
8.181134999999962e-05
8.181158499999962e-05
8.181181999999962e-05
8.181205499999961e-05
8.181228999999961e-05
8.223858499999961e-05
8.24048199999996e-05
8.24050549999996e-05
8.24052899999996e-05
8.240552499999959e-05
8.240575999999959e-05
8.240599499999958e-05
8.240622999999958e-05
8.240646499999958e-05
8.240669999999957e-05
8.240693499999957e-05
8.240716999999956e-05
8.240740499999956e-05
8.240763999999956e-05
8.240787499999955e-05
8.285042499999956e-05
8.303113999999956e-05
8.303137499999956e-05
8.303160999999955e-05
8.303184499999955e-05
8.303207999999955e-05
8.303231499999954e-05
8.303254999999954e-05
8.303278499999953e-05
8.303301999999953e-05
8.303325499999953e-05
8.303348999999952e-05
8.303372499999952e-05
8.303395999999951e-05
8.303419499999951e-05
8.30344299999995e-05
8.30346649999995e-05
8.31025599999995e-05
8.31390349999995e-05
8.31392699999995e-05
8.313950499999949e-05
8.313973999999949e-05
8.313997499999948e-05
8.314020999999948e-05
8.314044499999948e-05
8.314067999999947e-05
8.314091499999947e-05
8.314114999999946e-05
8.314138499999946e-05
8.314161999999946e-05
8.314185499999945e-05
8.314208999999945e-05
8.314232499999944e-05
8.314255999999944e-05
8.314279499999944e-05
8.314302999999943e-05
8.314326499999943e-05
8.314349999999943e-05
8.314373499999942e-05
8.314396999999942e-05
8.314420499999941e-05
8.314443999999941e-05
8.31446749999994e-05
8.31449099999994e-05
8.31451449999994e-05
8.31453799999994e-05
8.314561499999939e-05
8.314584999999939e-05
8.314608499999938e-05
8.314631999999938e-05
8.314655499999937e-05
8.314678999999937e-05
8.314702499999937e-05
8.314725999999936e-05
8.314749499999936e-05
8.314772999999936e-05
8.314796499999935e-05
8.314819999999935e-05
8.314843499999934e-05
8.314866999999934e-05
8.314890499999934e-05
8.314913999999933e-05
8.314937499999933e-05
8.314960999999932e-05
8.314984499999932e-05
8.315007999999932e-05
8.315031499999931e-05
8.315054999999931e-05
8.31507849999993e-05
8.31510199999993e-05
8.31512549999993e-05
8.315148999999929e-05
8.35390099999993e-05
8.368356499999929e-05
8.368379999999929e-05
8.368403499999928e-05
8.368426999999928e-05
8.368450499999928e-05
8.368473999999927e-05
8.368497499999927e-05
8.368520999999927e-05
8.390070499999926e-05
8.402357999999926e-05
8.402381499999926e-05
8.402404999999925e-05
8.402428499999925e-05
8.402451999999924e-05
8.402475499999924e-05
8.402498999999924e-05
8.402522499999923e-05
8.402545999999923e-05
8.402569499999922e-05
8.402592999999922e-05
8.402616499999922e-05
8.402639999999921e-05
8.402663499999921e-05
8.40268699999992e-05
8.40271049999992e-05
8.40273399999992e-05
8.40275749999992e-05
8.402780999999919e-05
8.402804499999919e-05
8.402827999999918e-05
8.402851499999918e-05
8.402874999999917e-05
8.402898499999917e-05
8.402921999999917e-05
8.402945499999916e-05
8.402968999999916e-05
8.402992499999915e-05
8.403015999999915e-05
8.403039499999915e-05
8.403062999999914e-05
8.403086499999914e-05
8.403109999999914e-05
8.403133499999913e-05
8.403156999999913e-05
8.403180499999912e-05
8.403203999999912e-05
8.403227499999912e-05
8.403250999999911e-05
8.403274499999911e-05
8.40329799999991e-05
8.40332149999991e-05
8.40506549999991e-05
8.40582499999991e-05
8.405848499999909e-05
8.405871999999909e-05
8.405895499999908e-05
8.405918999999908e-05
8.405942499999908e-05
8.405965999999907e-05
8.405989499999907e-05
8.406012999999907e-05
8.406036499999906e-05
8.406059999999906e-05
8.406083499999905e-05
8.406106999999905e-05
8.406130499999905e-05
8.406153999999904e-05
8.406177499999904e-05
8.406200999999903e-05
8.406224499999903e-05
8.406247999999903e-05
8.406271499999902e-05
8.406294999999902e-05
8.406318499999901e-05
8.406341999999901e-05
8.406365499999901e-05
8.4063889999999e-05
8.4064124999999e-05
8.4064359999999e-05
8.406459499999899e-05
8.406482999999899e-05
8.406506499999898e-05
8.406529999999898e-05
8.406553499999898e-05
8.406576999999897e-05
8.430653999999897e-05
8.444389499999898e-05
8.444412999999897e-05
8.444436499999897e-05
8.444459999999896e-05
8.444483499999896e-05
8.444506999999896e-05
8.444530499999895e-05
8.444553999999895e-05
8.444577499999895e-05
8.456414499999895e-05
8.462949999999894e-05
8.462973499999894e-05
8.462996999999894e-05
8.463020499999893e-05
8.463043999999893e-05
8.463067499999892e-05
8.463090999999892e-05
8.463114499999892e-05
8.464858499999892e-05
8.465617999999891e-05
8.465641499999891e-05
8.46566499999989e-05
8.46568849999989e-05
8.46571199999989e-05
8.465735499999889e-05
8.465758999999889e-05
8.465782499999888e-05
8.465805999999888e-05
8.465829499999888e-05
8.465852999999887e-05
8.465876499999887e-05
8.465899999999887e-05
8.465923499999886e-05
8.477752999999886e-05
8.484280499999887e-05
8.484303999999887e-05
8.484327499999886e-05
8.484350999999886e-05
8.484374499999885e-05
8.484397999999885e-05
8.484421499999885e-05
8.484444999999884e-05
8.484468499999884e-05
8.484491999999883e-05
8.484515499999883e-05
8.484538999999883e-05
8.484562499999882e-05
8.484585999999882e-05
8.484609499999881e-05
8.484632999999881e-05
8.48465649999988e-05
8.48467999999988e-05
8.48470349999988e-05
8.48472699999988e-05
8.484750499999879e-05
8.484773999999879e-05
8.484797499999878e-05
8.484820999999878e-05
8.484844499999878e-05
8.484867999999877e-05
8.484891499999877e-05
8.484914999999876e-05
8.484938499999876e-05
8.484961999999876e-05
8.484985499999875e-05
8.485008999999875e-05
8.485032499999874e-05
8.485055999999874e-05
8.485079499999874e-05
8.485102999999873e-05
8.485126499999873e-05
8.485149999999873e-05
8.485173499999872e-05
8.485196999999872e-05
8.485220499999871e-05
8.485243999999871e-05
8.48526749999987e-05
8.48529099999987e-05
8.48531449999987e-05
8.48533799999987e-05
8.485361499999869e-05
8.485384999999869e-05
8.487128999999869e-05
8.487888499999868e-05
8.487911999999868e-05
8.487935499999867e-05
8.487958999999867e-05
8.487982499999867e-05
8.488005999999866e-05
8.488029499999866e-05
8.488052999999866e-05
8.488076499999865e-05
8.488099999999865e-05
8.488123499999864e-05
8.488146999999864e-05
8.488170499999864e-05
8.488193999999863e-05
8.526945999999864e-05
8.541401499999863e-05
8.541424999999863e-05
8.541448499999862e-05
8.541471999999862e-05
8.586889499999862e-05
8.605672999999862e-05
8.649464999999862e-05
8.681050999999863e-05
8.699842499999864e-05
8.699865999999863e-05
8.699889499999863e-05
8.699912999999863e-05
8.699936499999862e-05
8.699959999999862e-05
8.699983499999861e-05
8.700006999999861e-05
8.70003049999986e-05
8.70005399999986e-05
8.70007749999986e-05
8.70010099999986e-05
8.700124499999859e-05
8.700147999999859e-05
8.700171499999858e-05
8.700194999999858e-05
8.700218499999857e-05
8.700241999999857e-05
8.700265499999857e-05
8.700288999999856e-05
8.700312499999856e-05
8.700335999999856e-05
8.700359499999855e-05
8.700382999999855e-05
8.700406499999854e-05
8.700429999999854e-05
8.700453499999854e-05
8.700476999999853e-05
8.700500499999853e-05
8.700523999999852e-05
8.700547499999852e-05
8.700570999999852e-05
8.700594499999851e-05
8.700617999999851e-05
8.70064149999985e-05
8.70580549999985e-05
8.70800499999985e-05
8.70802849999985e-05
8.708051999999849e-05
8.708075499999849e-05
8.708098999999848e-05
8.708122499999848e-05
8.708145999999848e-05
8.708169499999847e-05
8.708192999999847e-05
8.708216499999846e-05
8.708239999999846e-05
8.708263499999846e-05
8.708286999999845e-05
8.708310499999845e-05
8.708333999999844e-05
8.708357499999844e-05
8.708380999999844e-05
8.708404499999843e-05
8.708427999999843e-05
8.708451499999843e-05
8.708474999999842e-05
8.708498499999842e-05
8.708521999999841e-05
8.708545499999841e-05
8.70856899999984e-05
8.70859249999984e-05
8.70861599999984e-05
8.70863949999984e-05
8.708662999999839e-05
8.708686499999839e-05
8.708709999999838e-05
8.708733499999838e-05
8.708756999999837e-05
8.718066499999837e-05
8.723153999999838e-05
8.723177499999837e-05
8.723200999999837e-05
8.723224499999836e-05
8.723247999999836e-05
8.723271499999836e-05
8.723294999999835e-05
8.747364499999835e-05
8.761091999999835e-05
8.761115499999835e-05
8.761138999999835e-05
8.761162499999834e-05
8.762906499999834e-05
8.763665999999834e-05
8.763689499999833e-05
8.763712999999833e-05
8.834420499999833e-05
8.871203999999834e-05
8.871227499999833e-05
8.871250999999833e-05
8.871274499999832e-05
8.871297999999832e-05
8.871321499999832e-05
8.871344999999831e-05
8.871368499999831e-05
8.87139199999983e-05
8.87141549999983e-05
8.87143899999983e-05
8.87146249999983e-05
8.91525449999983e-05
8.93258999999983e-05
8.93261349999983e-05
8.93263699999983e-05
8.932660499999829e-05
8.932683999999829e-05
8.939480999999829e-05
8.943136499999829e-05
8.943159999999828e-05
8.943183499999828e-05
8.943206999999828e-05
8.943230499999827e-05
8.943253999999827e-05
8.943277499999827e-05
8.943300999999826e-05
8.943324499999826e-05
8.943347999999825e-05
8.943371499999825e-05
8.943394999999825e-05
8.943418499999824e-05
8.943441999999824e-05
8.943465499999823e-05
8.943488999999823e-05
8.943512499999823e-05
8.943535999999822e-05
8.943559499999822e-05
8.943582999999821e-05
8.943606499999821e-05
8.943629999999821e-05
8.94365349999982e-05
8.94367699999982e-05
8.94370049999982e-05
8.943723999999819e-05
8.943747499999819e-05
8.943770999999818e-05
8.943794499999818e-05
8.943817999999818e-05
8.943841499999817e-05
8.943864999999817e-05
8.943888499999816e-05
8.943911999999816e-05
8.943935499999816e-05
8.943958999999815e-05
8.943982499999815e-05
8.944005999999814e-05
8.944029499999814e-05
8.944052999999814e-05
8.944076499999813e-05
8.944099999999813e-05
8.944123499999813e-05
8.944146999999812e-05
8.944170499999812e-05
8.944193999999811e-05
8.944217499999811e-05
8.94424099999981e-05
8.94426449999981e-05
8.94428799999981e-05
8.94431149999981e-05
8.944334999999809e-05
8.944358499999809e-05
8.944381999999808e-05
8.944405499999808e-05
8.944428999999807e-05
8.944452499999807e-05
8.944475999999807e-05
8.944499499999806e-05
8.944522999999806e-05
8.944546499999806e-05
8.944569999999805e-05
8.944593499999805e-05
8.944616999999804e-05
8.944640499999804e-05
8.944663999999804e-05
8.944687499999803e-05
8.944710999999803e-05
8.944734499999802e-05
8.944757999999802e-05
8.944781499999802e-05
8.944804999999801e-05
8.944828499999801e-05
8.9448519999998e-05
8.9448754999998e-05
8.9448989999998e-05
8.9449224999998e-05
8.944945999999799e-05
8.944969499999799e-05
8.944992999999798e-05
8.945016499999798e-05
8.945039999999797e-05
8.945063499999797e-05
8.945086999999797e-05
8.945110499999796e-05
8.945133999999796e-05
8.945157499999795e-05
8.945180999999795e-05
8.945204499999795e-05
8.945227999999794e-05
8.945251499999794e-05
8.945274999999793e-05
8.945298499999793e-05
8.945321999999793e-05
8.945345499999792e-05
8.945368999999792e-05
8.945392499999792e-05
8.945415999999791e-05
8.945439499999791e-05
8.94546299999979e-05
8.94548649999979e-05
8.94550999999979e-05
8.945533499999789e-05
8.945556999999789e-05
8.945580499999788e-05
8.945603999999788e-05
8.945627499999788e-05
8.945650999999787e-05
8.945674499999787e-05
8.945697999999786e-05
8.945721499999786e-05
8.945744999999786e-05
8.945768499999785e-05
8.945791999999785e-05
8.945815499999785e-05
8.955124999999785e-05
8.960212499999785e-05
8.960235999999784e-05
8.960259499999784e-05
8.960282999999784e-05
8.960306499999783e-05
8.960329999999783e-05
8.960353499999782e-05
8.960376999999782e-05
8.960400499999782e-05
8.960423999999781e-05
8.960447499999781e-05
8.96047099999978e-05
8.96049449999978e-05
8.96051799999978e-05
8.960541499999779e-05
8.960564999999779e-05
8.960588499999779e-05
8.960611999999778e-05
8.960635499999778e-05
8.960658999999777e-05
8.960682499999777e-05
8.960705999999777e-05
8.960729499999776e-05
8.960752999999776e-05
8.960776499999775e-05
8.960799999999775e-05
8.960823499999775e-05
8.960846999999774e-05
8.960870499999774e-05
8.960893999999773e-05
8.960917499999773e-05
8.960940999999773e-05
8.960964499999772e-05
8.960987999999772e-05
8.961011499999772e-05
8.961034999999771e-05
8.961058499999771e-05
8.96108199999977e-05
8.96110549999977e-05
8.96112899999977e-05
8.961152499999769e-05
8.965421999999769e-05
8.96762949999977e-05
8.967652999999769e-05
8.967676499999769e-05
8.967699999999768e-05
8.967723499999768e-05
8.967746999999768e-05
8.967770499999767e-05
8.967793999999767e-05
8.967817499999767e-05
8.967840999999766e-05
8.967864499999766e-05
8.967887999999765e-05
8.967911499999765e-05
8.967934999999765e-05
8.967958499999764e-05
8.967981999999764e-05
8.968005499999763e-05
8.968028999999763e-05
8.968052499999763e-05
8.968075999999762e-05
8.968099499999762e-05
8.968122999999761e-05
8.968146499999761e-05
8.968169999999761e-05
8.96819349999976e-05
8.96821699999976e-05
8.96824049999976e-05
8.968263999999759e-05
8.968287499999759e-05
8.968310999999758e-05
8.968334499999758e-05
8.968357999999758e-05
8.975147499999758e-05
8.978794999999757e-05
8.978818499999757e-05
8.978841999999756e-05
8.978865499999756e-05
8.978888999999756e-05
8.978912499999755e-05
8.978935999999755e-05
8.978959499999754e-05
8.978982999999754e-05
8.979006499999754e-05
8.979029999999753e-05
8.979053499999753e-05
8.979076999999753e-05
8.979100499999752e-05
8.979123999999752e-05
8.979147499999751e-05
8.979170999999751e-05
8.97919449999975e-05
8.97921799999975e-05
8.97924149999975e-05
8.97926499999975e-05
8.979288499999749e-05
8.979311999999749e-05
8.979335499999748e-05
8.979358999999748e-05
8.979382499999747e-05
8.979405999999747e-05
8.979429499999747e-05
8.979452999999746e-05
9.020724999999747e-05
9.036620499999747e-05
9.036643999999746e-05
9.036667499999746e-05
9.036690999999746e-05
9.036714499999745e-05
9.036737999999745e-05
9.036761499999744e-05
9.036784999999744e-05
9.036808499999744e-05
9.036831999999743e-05
9.036855499999743e-05
9.036878999999743e-05
9.036902499999742e-05
9.036925999999742e-05
9.036949499999741e-05
9.036972999999741e-05
9.03699649999974e-05
9.03701999999974e-05
9.03704349999974e-05
9.03706699999974e-05
9.037090499999739e-05
9.037113999999739e-05
9.037137499999738e-05
9.037160999999738e-05
9.037184499999737e-05
9.037207999999737e-05
9.037231499999737e-05
9.037254999999736e-05
9.090952499999737e-05
9.115495999999737e-05
9.115519499999737e-05
9.115542999999736e-05
9.115566499999736e-05
9.115589999999736e-05
9.115613499999735e-05
9.115636999999735e-05
9.115660499999734e-05
9.115683999999734e-05
9.115707499999734e-05
9.158336999999734e-05
9.174960499999733e-05
9.174983999999733e-05
9.175007499999732e-05
9.175030999999732e-05
9.175054499999731e-05
9.175077999999731e-05
9.175101499999731e-05
9.17512499999973e-05
9.17514849999973e-05
9.17517199999973e-05
9.175195499999729e-05
9.175218999999729e-05
9.175242499999728e-05
9.175265999999728e-05
9.175289499999728e-05
9.175312999999727e-05
9.175336499999727e-05
9.175359999999726e-05
9.175383499999726e-05
9.175406999999726e-05
9.175430499999725e-05
9.175453999999725e-05
9.175477499999724e-05
9.175500999999724e-05
9.175524499999724e-05
9.175547999999723e-05
9.175571499999723e-05
9.175594999999723e-05
9.175618499999722e-05
9.175641999999722e-05
9.175665499999721e-05
9.175688999999721e-05
9.17571249999972e-05
9.17573599999972e-05
9.17575949999972e-05
9.17578299999972e-05
9.175806499999719e-05
9.175829999999719e-05
9.175853499999718e-05
9.175876999999718e-05
9.175900499999717e-05
9.175923999999717e-05
9.175947499999717e-05
9.175970999999716e-05
9.175994499999716e-05
9.176017999999716e-05
9.176041499999715e-05
9.176064999999715e-05
9.176088499999714e-05
9.176111999999714e-05
9.176135499999714e-05
9.176158999999713e-05
9.176182499999713e-05
9.176205999999712e-05
9.176229499999712e-05
9.176252999999712e-05
9.176276499999711e-05
9.176299999999711e-05
9.17632349999971e-05
9.17634699999971e-05
9.17637049999971e-05
9.176393999999709e-05
9.176417499999709e-05
9.176440999999709e-05
9.176464499999708e-05
9.176487999999708e-05
9.176511499999707e-05
9.176534999999707e-05
9.176558499999707e-05
9.176581999999706e-05
9.176605499999706e-05
9.176628999999705e-05
9.176652499999705e-05
9.176675999999705e-05
9.176699499999704e-05
9.223736999999705e-05
9.243960499999705e-05
9.243983999999705e-05
9.244007499999705e-05
9.244030999999704e-05
9.286928499999704e-05
9.304271999999704e-05
9.304295499999703e-05
9.304318999999703e-05
9.304342499999702e-05
9.304365999999702e-05
9.304389499999702e-05
9.311178999999702e-05
9.314826499999701e-05
9.314849999999701e-05
9.3148734999997e-05
9.3148969999997e-05
9.3149204999997e-05
9.3149439999997e-05
9.314967499999699e-05
9.314990999999699e-05
9.315014499999698e-05
9.315037999999698e-05
9.315061499999697e-05
9.315084999999697e-05
9.315108499999697e-05
9.315131999999696e-05
9.315155499999696e-05
9.315178999999695e-05
9.315202499999695e-05
9.315225999999695e-05
9.315249499999694e-05
9.315272999999694e-05
9.315296499999694e-05
9.315319999999693e-05
9.315343499999693e-05
9.315366999999692e-05
9.315390499999692e-05
9.315413999999692e-05
9.315437499999691e-05
9.315460999999691e-05
9.31548449999969e-05
9.31550799999969e-05
9.31553149999969e-05
9.315554999999689e-05
9.358452499999689e-05
9.375795999999689e-05
9.375819499999688e-05
9.375842999999688e-05
9.375866499999687e-05
9.375889999999687e-05
9.375913499999687e-05
9.375936999999686e-05
9.375960499999686e-05
9.375983999999685e-05
9.376007499999685e-05
9.376030999999685e-05
9.376054499999684e-05
9.376077999999684e-05
9.376101499999684e-05
9.376124999999683e-05
9.376148499999683e-05
9.376171999999682e-05
9.376195499999682e-05
9.376218999999682e-05
9.376242499999681e-05
9.376265999999681e-05
9.37628949999968e-05
9.37631299999968e-05
9.37633649999968e-05
9.376359999999679e-05
9.376383499999679e-05
9.376406999999678e-05
9.376430499999678e-05
9.376453999999678e-05
9.376477499999677e-05
9.376500999999677e-05
9.376524499999677e-05
9.376547999999676e-05
9.376571499999676e-05
9.376594999999675e-05
9.376618499999675e-05
9.376641999999675e-05
9.376665499999674e-05
9.376688999999674e-05
9.376712499999673e-05
9.376735999999673e-05
9.376759499999673e-05
9.376782999999672e-05
9.376806499999672e-05
9.376829999999671e-05
9.376853499999671e-05
9.376876999999671e-05
9.37690049999967e-05
9.37692399999967e-05
9.37694749999967e-05
9.376970999999669e-05
9.376994499999669e-05
9.377017999999668e-05
9.377041499999668e-05
9.377064999999668e-05
9.377088499999667e-05
9.377111999999667e-05
9.377135499999666e-05
9.377158999999666e-05
9.377182499999666e-05
9.377205999999665e-05
9.377229499999665e-05
9.377252999999664e-05
9.377276499999664e-05
9.377299999999664e-05
9.377323499999663e-05
9.377346999999663e-05
9.377370499999663e-05
9.377393999999662e-05
9.416145999999663e-05
9.430601499999662e-05
9.430624999999662e-05
9.430648499999661e-05
9.430671999999661e-05
9.43069549999966e-05
9.43071899999966e-05
9.43074249999966e-05
9.43076599999966e-05
9.430789499999659e-05
9.430812999999659e-05
9.430836499999658e-05
9.430859999999658e-05
9.430883499999657e-05
9.430906999999657e-05
9.430930499999657e-05
9.430953999999656e-05
9.430977499999656e-05
9.431000999999655e-05
9.431024499999655e-05
9.431047999999655e-05
9.431071499999654e-05
9.431094999999654e-05
9.431118499999654e-05
9.431141999999653e-05
9.431165499999653e-05
9.431188999999652e-05
9.431212499999652e-05
9.431235999999652e-05
9.431259499999651e-05
9.431282999999651e-05
9.43130649999965e-05
9.43132999999965e-05
9.43135349999965e-05
9.431376999999649e-05
9.431400499999649e-05
9.431423999999648e-05
9.431447499999648e-05
9.431470999999648e-05
9.431494499999647e-05
9.431517999999647e-05
9.431541499999647e-05
9.431564999999646e-05
9.431588499999646e-05
9.431611999999645e-05
9.431635499999645e-05
9.431658999999645e-05
9.431682499999644e-05
9.431705999999644e-05
9.431729499999643e-05
9.431752999999643e-05
9.431776499999643e-05
9.431799999999642e-05
9.431823499999642e-05
9.431846999999641e-05
9.431870499999641e-05
9.431893999999641e-05
9.43191749999964e-05
9.43194099999964e-05
9.43196449999964e-05
9.431987999999639e-05
9.432011499999639e-05
9.432034999999638e-05
9.432058499999638e-05
9.432081999999638e-05
9.432105499999637e-05
9.432128999999637e-05
9.432152499999636e-05
9.432175999999636e-05
9.432199499999636e-05
9.432222999999635e-05
9.432246499999635e-05
9.432269999999634e-05
9.432293499999634e-05
9.432316999999634e-05
9.432340499999633e-05
9.432363999999633e-05
9.432387499999633e-05
9.432410999999632e-05
9.432434499999632e-05
9.432457999999631e-05
9.432481499999631e-05
9.43250499999963e-05
9.43252849999963e-05
9.43255199999963e-05
9.43257549999963e-05
9.432598999999629e-05
9.432622499999629e-05
9.432645999999628e-05
9.432669499999628e-05
9.432692999999627e-05
9.432716499999627e-05
9.432739999999627e-05
9.432763499999626e-05
9.432786999999626e-05
9.432810499999626e-05
9.432833999999625e-05
9.432857499999625e-05
9.432880999999624e-05
9.432904499999624e-05
9.432927999999624e-05
9.432951499999623e-05
9.432974999999623e-05
9.432998499999622e-05
9.433021999999622e-05
9.433045499999622e-05
9.433068999999621e-05
9.433092499999621e-05
9.43311599999962e-05
9.43313949999962e-05
9.43316299999962e-05
9.43318649999962e-05
9.48688399999962e-05
9.51142749999962e-05
9.51145099999962e-05
9.51147449999962e-05
9.511497999999619e-05
9.511521499999619e-05
9.511544999999618e-05
9.511568499999618e-05
9.511591999999617e-05
9.511615499999617e-05
9.511638999999617e-05
9.511662499999616e-05
9.511685999999616e-05
9.511709499999616e-05
9.511732999999615e-05
9.511756499999615e-05
9.511779999999614e-05
9.511803499999614e-05
9.511826999999614e-05
9.511850499999613e-05
9.511873999999613e-05
9.511897499999612e-05
9.511920999999612e-05
9.511944499999612e-05
9.511967999999611e-05
9.511991499999611e-05
9.51201499999961e-05
9.51203849999961e-05
9.51206199999961e-05
9.512085499999609e-05
9.512108999999609e-05
9.512132499999609e-05
9.512155999999608e-05
9.512179499999608e-05
9.512202999999607e-05
9.512226499999607e-05
9.512249999999607e-05
9.512273499999606e-05
9.512296999999606e-05
9.512320499999605e-05
9.512343999999605e-05
9.512367499999605e-05
9.512390999999604e-05
9.512414499999604e-05
9.512437999999603e-05
9.512461499999603e-05
9.512484999999603e-05
9.512508499999602e-05
9.512531999999602e-05
9.512555499999602e-05
9.512578999999601e-05
9.512602499999601e-05
9.5126259999996e-05
9.5126494999996e-05
9.5126729999996e-05
9.512696499999599e-05
9.512719999999599e-05
9.512743499999598e-05
9.512766999999598e-05
9.512790499999598e-05
9.512813999999597e-05
9.512837499999597e-05
9.512860999999596e-05
9.512884499999596e-05
9.512907999999596e-05
9.512931499999595e-05
9.512954999999595e-05
9.512978499999595e-05
9.513001999999594e-05
9.513025499999594e-05
9.513048999999593e-05
9.513072499999593e-05
9.513095999999593e-05
9.513119499999592e-05
9.513142999999592e-05
9.513166499999591e-05
9.513189999999591e-05
9.51321349999959e-05
9.51323699999959e-05
9.51326049999959e-05
9.51328399999959e-05
9.513307499999589e-05
9.513330999999589e-05
9.513354499999588e-05
9.516808499999589e-05
9.520918499999589e-05
9.523133999999589e-05
9.523157499999588e-05
9.523180999999588e-05
9.523204499999588e-05
9.523227999999587e-05
9.523251499999587e-05
9.523274999999586e-05
9.523298499999586e-05
9.523321999999586e-05
9.523345499999585e-05
9.523368999999585e-05
9.523392499999584e-05
9.523415999999584e-05
9.523439499999584e-05
9.523462999999583e-05
9.523486499999583e-05
9.523509999999582e-05
9.523533499999582e-05
9.523556999999582e-05
9.523580499999581e-05
9.523603999999581e-05
9.52362749999958e-05
9.52365099999958e-05
9.52367449999958e-05
9.52369799999958e-05
9.523721499999579e-05
9.523744999999579e-05
9.523768499999578e-05
9.523791999999578e-05
9.523815499999577e-05
9.523838999999577e-05
9.523862499999577e-05
9.523885999999576e-05
9.523909499999576e-05
9.523932999999575e-05
9.523956499999575e-05
9.523979999999575e-05
9.524003499999574e-05
9.524026999999574e-05
9.524050499999574e-05
9.524073999999573e-05
9.524097499999573e-05
9.524120999999572e-05
9.524144499999572e-05
9.524167999999572e-05
9.524191499999571e-05
9.524214999999571e-05
9.52423849999957e-05
9.52426199999957e-05
9.52428549999957e-05
9.524308999999569e-05
9.524332499999569e-05
9.524355999999568e-05
9.524379499999568e-05
9.524402999999568e-05
9.524426499999567e-05
9.524449999999567e-05
9.524473499999567e-05
9.524496999999566e-05
9.524520499999566e-05
9.524543999999565e-05
9.524567499999565e-05
9.524590999999565e-05
9.524614499999564e-05
9.524637999999564e-05
9.524661499999563e-05
9.524684999999563e-05
9.524708499999563e-05
9.524731999999562e-05
9.524755499999562e-05
9.526499499999562e-05
9.527258999999561e-05
9.527282499999561e-05
9.527305999999561e-05
9.52732949999956e-05
9.52735299999956e-05
9.52737649999956e-05
9.527399999999559e-05
9.527423499999559e-05
9.527446999999558e-05
9.527470499999558e-05
9.527493999999558e-05
9.527517499999557e-05
9.586430999999558e-05
9.616734499999557e-05
9.616757999999557e-05
9.616781499999557e-05
9.616804999999556e-05
9.616828499999556e-05
9.616851999999556e-05
9.616875499999555e-05
9.616898999999555e-05
9.616922499999554e-05
9.616945999999554e-05
9.616969499999554e-05
9.616992999999553e-05
9.617016499999553e-05
9.617039999999552e-05
9.617063499999552e-05
9.617086999999552e-05
9.617110499999551e-05
9.617133999999551e-05
9.61715749999955e-05
9.61718099999955e-05
9.61720449999955e-05
9.617227999999549e-05
9.617251499999549e-05
9.617274999999549e-05
9.617298499999548e-05
9.617321999999548e-05
9.617345499999547e-05
9.617368999999547e-05
9.656120999999547e-05
9.670576499999547e-05
9.670599999999547e-05
9.670623499999546e-05
9.670646999999546e-05
9.670670499999545e-05
9.670693999999545e-05
9.670717499999545e-05
9.670740999999544e-05
9.670764499999544e-05
9.670787999999543e-05
9.670811499999543e-05
9.670834999999543e-05
9.709586999999543e-05
9.724042499999543e-05
9.724065999999542e-05
9.724089499999542e-05
9.724112999999541e-05
9.724136499999541e-05
9.72415999999954e-05
9.72418349999954e-05
9.72420699999954e-05
9.72423049999954e-05
9.724253999999539e-05
9.72942549999954e-05
9.73163299999954e-05
9.73165649999954e-05
9.73167999999954e-05
9.731703499999539e-05
9.731726999999539e-05
9.731750499999538e-05
9.731773999999538e-05
9.731797499999538e-05
9.731820999999537e-05
9.731844499999537e-05
9.731867999999536e-05
9.731891499999536e-05
9.731914999999536e-05
9.731938499999535e-05
9.731961999999535e-05
9.731985499999534e-05
9.732008999999534e-05
9.732032499999534e-05
9.732055999999533e-05
9.732079499999533e-05
9.732102999999533e-05
9.732126499999532e-05
9.732149999999532e-05
9.732173499999531e-05
9.732196999999531e-05
9.73222049999953e-05
9.73224399999953e-05
9.73226749999953e-05
9.73229099999953e-05
9.732314499999529e-05
9.732337999999529e-05
9.732361499999528e-05
9.732384999999528e-05
9.732408499999527e-05
9.732431999999527e-05
9.732455499999527e-05
9.732478999999526e-05
9.732502499999526e-05
9.732525999999526e-05
9.732549499999525e-05
9.732572999999525e-05
9.732596499999524e-05
9.732619999999524e-05
9.732643499999524e-05
9.732666999999523e-05
9.732690499999523e-05
9.732713999999522e-05
9.732737499999522e-05
9.732760999999522e-05
9.732784499999521e-05
9.732807999999521e-05
9.73283149999952e-05
9.73285499999952e-05
9.73287849999952e-05
9.732901999999519e-05
9.732925499999519e-05
9.732948999999519e-05
9.732972499999518e-05
9.732995999999518e-05
9.733019499999517e-05
9.733042999999517e-05
9.733066499999517e-05
9.733089999999516e-05
9.733113499999516e-05
9.733136999999515e-05
9.733160499999515e-05
9.733183999999515e-05
9.733207499999514e-05
9.733230999999514e-05
9.733254499999513e-05
9.733277999999513e-05
9.733301499999513e-05
9.733324999999512e-05
9.733348499999512e-05
9.733371999999512e-05
9.733395499999511e-05
9.733418999999511e-05
9.73344249999951e-05
9.73346599999951e-05
9.73348949999951e-05
9.733512999999509e-05
9.733536499999509e-05
9.733559999999508e-05
9.733583499999508e-05
9.780358499999509e-05
9.831003499999509e-05
9.873634999999509e-05
9.873658499999509e-05
9.873681999999508e-05
9.873705499999508e-05
9.873728999999507e-05
9.873752499999507e-05
9.873775999999507e-05
9.873799499999506e-05
9.873822999999506e-05
9.873846499999505e-05
9.873869999999505e-05
9.873893499999505e-05
9.873916999999504e-05
9.873940499999504e-05
9.873963999999503e-05
9.873987499999503e-05
9.874010999999503e-05
9.874034499999502e-05
9.874057999999502e-05
9.874081499999502e-05
9.874104999999501e-05
9.874128499999501e-05
9.8741519999995e-05
9.8741754999995e-05
9.8801549999995e-05
9.8830824999995e-05
9.883105999999499e-05
9.883129499999499e-05
9.883152999999498e-05
9.884904499999498e-05
9.885671999999499e-05
9.885695499999498e-05
9.885718999999498e-05
9.885742499999497e-05
9.885765999999497e-05
9.885789499999497e-05
9.885812999999496e-05
9.885836499999496e-05
9.885859999999495e-05
9.885883499999495e-05
9.885906999999495e-05
9.885930499999494e-05
9.885953999999494e-05
9.885977499999493e-05
9.886000999999493e-05
9.886024499999493e-05
9.886047999999492e-05
9.886071499999492e-05
9.886094999999492e-05
9.886118499999491e-05
9.886141999999491e-05
9.88616549999949e-05
9.88618899999949e-05
9.88621249999949e-05
9.886235999999489e-05
9.886259499999489e-05
9.886282999999488e-05
9.886306499999488e-05
9.886329999999488e-05
9.886353499999487e-05
9.886376999999487e-05
9.886400499999486e-05
9.886423999999486e-05
9.886447499999486e-05
9.886470999999485e-05
9.886494499999485e-05
9.886517999999485e-05
9.886541499999484e-05
9.886564999999484e-05
9.886588499999483e-05
9.886611999999483e-05
9.886635499999483e-05
9.886658999999482e-05
9.886682499999482e-05
9.886705999999481e-05
9.886729499999481e-05
9.88675299999948e-05
9.88677649999948e-05
9.88679999999948e-05
9.88682349999948e-05
9.886846999999479e-05
9.886870499999479e-05
9.886893999999478e-05
9.886917499999478e-05
9.886940999999478e-05
9.886964499999477e-05
9.886987999999477e-05
9.887011499999476e-05
9.887034999999476e-05
9.887058499999476e-05
9.887081999999475e-05
9.887105499999475e-05
9.887128999999474e-05
9.887152499999474e-05
9.887175999999474e-05
9.887199499999473e-05
9.887222999999473e-05
9.887246499999472e-05
9.887269999999472e-05
9.887293499999472e-05
9.887316999999471e-05
9.887340499999471e-05
9.88736399999947e-05
9.88738749999947e-05
9.88741099999947e-05
9.89339049999947e-05
9.89631799999947e-05
9.898069499999469e-05
9.89883699999947e-05
9.898860499999469e-05
9.898883999999469e-05
9.898907499999468e-05
9.898930999999468e-05
9.898954499999468e-05
9.898977999999467e-05
9.899001499999467e-05
9.899024999999466e-05
9.899048499999466e-05
9.899071999999466e-05
9.899095499999465e-05
9.899118999999465e-05
9.899142499999464e-05
9.899165999999464e-05
9.899189499999464e-05
9.899212999999463e-05
9.899236499999463e-05
9.899259999999462e-05
9.899283499999462e-05
9.899306999999462e-05
9.899330499999461e-05
9.899353999999461e-05
9.89937749999946e-05
9.89940099999946e-05
9.89942449999946e-05
9.89944799999946e-05
9.899471499999459e-05
9.899494999999459e-05
9.899518499999458e-05
9.899541999999458e-05
9.899565499999457e-05
9.899588999999457e-05
9.899612499999457e-05
9.899635999999456e-05
9.899659499999456e-05
9.899682999999455e-05