3.873000000000001e-07
1.1848350000000004e-06
2.7821350000000008e-06
3.806530000000001e-06
3.806765000000001e-06
4.207860000000001e-06
4.359695000000001e-06
4.359930000000002e-06
4.360165000000002e-06
5.023215000000002e-06
5.355130000000003e-06
5.355365000000003e-06
5.355600000000003e-06
5.798150000000003e-06
5.978865000000003e-06
5.9791000000000035e-06
5.979335000000004e-06
6.047305000000003e-06
6.0838600000000034e-06
6.084095000000004e-06
6.084330000000004e-06
6.1017700000000044e-06
6.109365000000005e-06
6.274535000000005e-06
6.368690000000005e-06
6.4285600000000046e-06
6.457915000000005e-06
6.458150000000005e-06
6.458385000000006e-06
6.8594800000000055e-06
7.011315000000005e-06
7.011550000000006e-06
7.011785000000006e-06
7.412880000000006e-06
7.564715000000006e-06
7.564950000000006e-06
7.565185000000007e-06
8.007735000000007e-06
8.188450000000008e-06
8.575970000000009e-06
8.720525000000009e-06
8.720760000000009e-06
9.35861000000001e-06
9.676125000000009e-06
9.676360000000008e-06
9.676595000000008e-06
9.676830000000007e-06
9.677065000000007e-06
9.677300000000006e-06
9.677535000000006e-06
9.842705000000005e-06
9.936860000000005e-06
9.937095000000005e-06
9.937330000000004e-06
9.980100000000005e-06
1.0002255000000004e-05
1.0002490000000004e-05
1.0002725000000003e-05
1.0045495000000004e-05
1.0067650000000003e-05
1.0067885000000003e-05
1.0068120000000002e-05
1.0110890000000003e-05
1.0133045000000003e-05
1.0133280000000002e-05
1.0133515000000002e-05
1.0176285000000002e-05
1.0198440000000002e-05
1.0215880000000002e-05
1.0223475000000001e-05
1.0266245000000002e-05
1.0288400000000001e-05
1.0288635e-05
1.028887e-05
1.033164e-05
1.0353795e-05
1.035403e-05
1.0354265e-05
1.0397035e-05
1.041919e-05
1.0419424999999999e-05
1.0832144999999999e-05
1.1232035e-05
1.157163e-05
1.1571865e-05
1.1572099999999999e-05
1.1614869999999999e-05
1.1637024999999999e-05
1.1637259999999998e-05
1.1637494999999998e-05
1.1680264999999998e-05
1.1702419999999998e-05
1.1702654999999997e-05
1.1702889999999997e-05
1.1745659999999997e-05
1.1767814999999997e-05
1.1768049999999997e-05
1.1768284999999996e-05
1.1811054999999996e-05
1.1833209999999996e-05
1.1833444999999996e-05
1.1833679999999995e-05
1.1876449999999995e-05
1.1898604999999995e-05
1.1898839999999995e-05
1.1899074999999994e-05
1.1899309999999994e-05
1.1899544999999993e-05
1.2353719999999993e-05
1.2541554999999992e-05
1.2942649999999992e-05
1.3094484999999992e-05
1.3094719999999991e-05
1.3094954999999991e-05
1.3523929999999991e-05
1.3697364999999991e-05
1.4218139999999991e-05
1.4449174999999992e-05
1.4449409999999991e-05
1.4449644999999991e-05
1.4837164999999992e-05
1.4981719999999992e-05
1.4981954999999992e-05
1.4982189999999991e-05
1.498242499999999e-05
1.498265999999999e-05
1.498289499999999e-05
1.4983129999999989e-05
1.4983364999999989e-05
1.4983599999999988e-05
1.4983834999999988e-05
1.4984069999999987e-05
1.5413044999999986e-05
1.5586479999999986e-05
1.5586714999999985e-05
1.5586949999999985e-05
1.5587184999999984e-05
1.5587419999999984e-05
1.5587654999999983e-05
1.5587889999999983e-05
1.5588124999999982e-05
1.558835999999998e-05
1.558859499999998e-05
1.558882999999998e-05
1.558906499999998e-05
1.558929999999998e-05
1.558953499999998e-05
1.558976999999998e-05
1.5590004999999978e-05
1.604417999999998e-05
1.623201499999998e-05
1.623224999999998e-05
1.623248499999998e-05
1.623271999999998e-05
1.623295499999998e-05
1.6233189999999978e-05
1.6233424999999977e-05
1.6233659999999977e-05
1.6233894999999976e-05
1.6234129999999976e-05
1.6697249999999976e-05
1.6885004999999975e-05
1.6885239999999975e-05
1.6885474999999974e-05
1.7272994999999975e-05
1.7417549999999974e-05
1.7417784999999973e-05
1.7418019999999973e-05
1.7418254999999972e-05
1.741848999999997e-05
1.741872499999997e-05
1.741895999999997e-05
1.741919499999997e-05
1.741942999999997e-05
1.743686999999997e-05
1.786982999999997e-05
1.8169109999999972e-05
1.835014499999997e-05
1.835037999999997e-05
1.835061499999997e-05
1.835084999999997e-05
1.835108499999997e-05
1.835131999999997e-05
1.835155499999997e-05
1.836899499999997e-05
1.837658999999997e-05
1.8376824999999968e-05
1.8814744999999967e-05
1.8988099999999968e-05
1.8988334999999968e-05
1.8988569999999967e-05
1.8988804999999967e-05
1.940152499999997e-05
2.022552499999997e-05
2.068751999999997e-05
2.068775499999997e-05
2.0687989999999968e-05
2.0688224999999967e-05
2.110094499999997e-05
2.125989999999997e-05
2.126013499999997e-05
2.1260369999999968e-05
2.1260604999999968e-05
2.1260839999999967e-05
2.1261074999999967e-05
2.1261309999999966e-05
2.1261544999999966e-05
2.1296159999999965e-05
2.1311034999999965e-05
2.1311269999999964e-05
2.1311504999999964e-05
2.1311739999999963e-05
2.1311974999999963e-05
2.1312209999999962e-05
2.1312444999999962e-05
2.131267999999996e-05
2.131291499999996e-05
2.131314999999996e-05
2.131338499999996e-05
2.131361999999996e-05
2.131385499999996e-05
2.131408999999996e-05
2.214458999999996e-05
2.249090499999996e-05
2.252551999999996e-05
2.254039499999996e-05
2.254062999999996e-05
2.254086499999996e-05
2.254109999999996e-05
2.260899499999996e-05
2.264546999999996e-05
2.264570499999996e-05
2.2645939999999958e-05
2.2646174999999958e-05
2.2646409999999957e-05
2.2646644999999957e-05
2.2646879999999956e-05
2.2647114999999956e-05
2.2647349999999955e-05
2.2647584999999955e-05
2.2647819999999954e-05
2.2648054999999954e-05
2.3111174999999954e-05
2.3298929999999953e-05
2.3299164999999952e-05
2.3299399999999952e-05
2.329963499999995e-05
2.329986999999995e-05
2.3444264999999952e-05
2.357909499999995e-05
2.3658929999999953e-05
2.3659164999999952e-05
2.3659399999999952e-05
2.365963499999995e-05
2.365986999999995e-05
2.404738999999995e-05
2.419194499999995e-05
2.419217999999995e-05
2.419241499999995e-05
2.419264999999995e-05
2.4192884999999948e-05
2.421032499999995e-05
2.4217919999999948e-05
2.4218154999999947e-05
2.4218389999999947e-05
2.4218624999999946e-05
2.4631344999999948e-05
2.4790299999999948e-05
2.4790534999999947e-05
2.4790769999999947e-05
2.4791004999999946e-05
2.4791239999999946e-05
2.4791474999999945e-05
2.4791709999999945e-05
2.4791944999999944e-05
2.4792179999999944e-05
2.4792414999999943e-05
2.4792649999999943e-05
2.4792884999999942e-05
2.4793119999999942e-05
2.479335499999994e-05
2.479358999999994e-05
2.479382499999994e-05
2.479405999999994e-05
2.479429499999994e-05
2.479452999999994e-05
2.479476499999994e-05
2.4794999999999938e-05
2.4795234999999937e-05
2.4795469999999937e-05
2.4812909999999937e-05
2.4876509999999938e-05
2.4905864999999938e-05
2.4906099999999938e-05
2.497483999999994e-05
2.5004034999999938e-05
2.5004269999999937e-05
2.5004504999999937e-05
2.5021944999999937e-05
2.5029539999999937e-05
2.5029774999999936e-05
2.5047289999999935e-05
2.5093919999999934e-05
2.5164209999999935e-05
2.5677469999999936e-05
2.6071724999999937e-05
2.6311239999999938e-05
2.669875999999994e-05
2.6843314999999938e-05
2.6843549999999937e-05
2.6843784999999937e-05
2.6844019999999936e-05
2.6844254999999936e-05
2.6844489999999935e-05
2.6844724999999935e-05
2.6844959999999934e-05
2.6845194999999934e-05
2.6845429999999933e-05
2.6845664999999933e-05
2.6845899999999932e-05
2.684613499999993e-05
2.684636999999993e-05
2.684660499999993e-05
2.684683999999993e-05
2.684707499999993e-05
2.684730999999993e-05
2.684754499999993e-05
2.6847779999999928e-05
2.6848014999999928e-05
2.6848249999999927e-05
2.6848484999999927e-05
2.6848719999999926e-05
2.6848954999999926e-05
2.6849189999999925e-05
2.6849424999999925e-05
2.6849659999999924e-05
2.6849894999999924e-05
2.6850129999999923e-05
2.6850364999999923e-05
2.6850599999999922e-05
2.727689499999992e-05
2.7443129999999922e-05
2.7443364999999922e-05
2.744359999999992e-05
2.744383499999992e-05
2.744406999999992e-05
2.744430499999992e-05
2.744453999999992e-05
2.744477499999992e-05
2.744500999999992e-05
2.7445244999999918e-05
2.7445479999999917e-05
2.7445714999999917e-05
2.7445949999999916e-05
2.7446184999999916e-05
2.7446419999999915e-05
2.7446654999999915e-05
2.7446889999999914e-05
2.7447124999999914e-05
2.7481664999999914e-05
2.7496459999999916e-05
2.7496694999999915e-05
2.7496929999999915e-05
2.7497164999999914e-05
2.7497399999999914e-05
2.7497634999999913e-05
2.7497869999999913e-05
2.7498104999999912e-05
2.7498339999999912e-05
2.749857499999991e-05
2.749880999999991e-05
2.749904499999991e-05
2.749927999999991e-05
2.749951499999991e-05
2.749974999999991e-05
2.749998499999991e-05
2.7500219999999908e-05
2.7500454999999907e-05
2.7500689999999907e-05
2.7500924999999906e-05
2.7501159999999906e-05
2.7501394999999905e-05
2.7501629999999905e-05
2.7501864999999904e-05
2.7502099999999904e-05
2.7502334999999903e-05
2.7502569999999903e-05
2.7502804999999902e-05
2.7503039999999902e-05
2.75032749999999e-05
2.75035099999999e-05
2.75037449999999e-05
2.75039799999999e-05
2.75042149999999e-05
2.75044499999999e-05
2.75046849999999e-05
2.7504919999999898e-05
2.7505154999999897e-05
2.7505389999999897e-05
2.7505624999999896e-05
2.7505859999999896e-05
2.7506094999999895e-05
2.7506329999999895e-05
2.7506564999999894e-05
2.7506799999999894e-05
2.7507034999999893e-05
2.7507269999999893e-05
2.7507504999999892e-05
2.7507739999999892e-05
2.750797499999989e-05
2.750820999999989e-05
2.750844499999989e-05
2.750867999999989e-05
2.750891499999989e-05
2.750914999999989e-05
2.750938499999989e-05
2.7509619999999888e-05
2.7509854999999887e-05
2.7510089999999887e-05
2.7510324999999886e-05
2.7510559999999886e-05
2.7510794999999885e-05
2.7511029999999885e-05
2.7511264999999884e-05
2.7511499999999884e-05
2.7511734999999883e-05
2.7511969999999883e-05
2.7512204999999882e-05
2.7512439999999882e-05
2.751267499999988e-05
2.751290999999988e-05
2.751314499999988e-05
2.751337999999988e-05
2.751361499999988e-05
2.751384999999988e-05
2.751408499999988e-05
2.7514319999999878e-05
2.7514554999999877e-05
2.7514789999999877e-05
2.7515024999999876e-05
2.7515259999999876e-05
2.7515494999999875e-05
2.7515729999999875e-05
2.7515964999999874e-05
2.7516199999999874e-05
2.7516434999999873e-05
2.7516669999999873e-05
2.7516904999999872e-05
2.7517139999999872e-05
2.751737499999987e-05
2.751760999999987e-05
2.751784499999987e-05
2.751807999999987e-05
2.751831499999987e-05
2.793103499999987e-05
2.808998999999987e-05
2.809022499999987e-05
2.809045999999987e-05
2.809069499999987e-05
2.809092999999987e-05
2.809116499999987e-05
2.8091399999999868e-05
2.8091634999999867e-05
2.8091869999999867e-05
2.8092104999999866e-05
2.8092339999999866e-05
2.8092574999999865e-05
2.8092809999999865e-05
2.8093044999999864e-05
2.8093279999999864e-05
2.8093514999999863e-05
2.8093749999999863e-05
2.8093984999999862e-05
2.8094219999999862e-05
2.809445499999986e-05
2.809468999999986e-05
2.809492499999986e-05
2.809515999999986e-05
2.809539499999986e-05
2.809562999999986e-05
2.809586499999986e-05
2.8096099999999858e-05
2.8096334999999857e-05
2.8096569999999857e-05
2.8096804999999856e-05
2.8097039999999856e-05
2.8097274999999855e-05
2.8097509999999855e-05
2.8097744999999854e-05
2.8097979999999854e-05
2.8098214999999853e-05
2.8098449999999853e-05
2.8098684999999852e-05
2.8098919999999852e-05
2.809915499999985e-05
2.809938999999985e-05
2.809962499999985e-05
2.809985999999985e-05
2.810009499999985e-05
2.810032999999985e-05
2.810056499999985e-05
2.8100799999999848e-05
2.8101034999999847e-05
2.8101269999999847e-05
2.8101504999999846e-05
2.8101739999999846e-05
2.8101974999999845e-05
2.8102209999999845e-05
2.8102444999999844e-05
2.8102679999999844e-05
2.8102914999999843e-05
2.8103149999999843e-05
2.8103384999999842e-05
2.8103619999999842e-05
2.810385499999984e-05
2.810408999999984e-05
2.810432499999984e-05
2.810455999999984e-05
2.810479499999984e-05
2.810502999999984e-05
2.810526499999984e-05
2.8105499999999838e-05
2.8105734999999837e-05
2.8105969999999837e-05
2.8106204999999836e-05
2.8106439999999836e-05
2.8106674999999835e-05
2.8106909999999835e-05
2.8107144999999834e-05
2.8107379999999834e-05
2.8107614999999833e-05
2.8107849999999833e-05
2.8108084999999832e-05
2.8108319999999832e-05
2.810855499999983e-05
2.810878999999983e-05
2.810902499999983e-05
2.810925999999983e-05
2.810949499999983e-05
2.810972999999983e-05
2.8644079999999828e-05
2.8882394999999827e-05
2.8882629999999826e-05
2.8882864999999826e-05
2.8883099999999825e-05
2.8883334999999825e-05
2.9334829999999825e-05
2.9515464999999824e-05
2.9515699999999823e-05
2.9515934999999823e-05
2.9516169999999822e-05
2.951640499999982e-05
2.951663999999982e-05
2.951687499999982e-05
2.951710999999982e-05
2.951734499999982e-05
2.951757999999982e-05
2.951781499999982e-05
2.9518049999999818e-05
2.996954499999982e-05
3.0150179999999817e-05
3.0150414999999817e-05
3.0150649999999816e-05
3.0150884999999816e-05
3.0151119999999815e-05
3.0151354999999815e-05
3.0151589999999814e-05
3.0151824999999814e-05
3.0152059999999813e-05
3.0152294999999813e-05
3.0152529999999812e-05
3.015276499999981e-05
3.015299999999981e-05
3.015323499999981e-05
3.015346999999981e-05
3.015370499999981e-05
3.015393999999981e-05
3.015417499999981e-05
3.0154409999999808e-05
3.0154644999999808e-05
3.0154879999999807e-05
3.0155114999999807e-05
3.0155349999999806e-05
3.0155584999999806e-05
3.0155819999999805e-05
3.0156054999999805e-05
3.0156289999999804e-05
3.0156524999999804e-05
3.0156759999999803e-05
3.0156994999999803e-05
3.0157229999999802e-05
3.01574649999998e-05
3.05449849999998e-05
3.13293849999998e-05
3.32609999999998e-05
3.6680674999999804e-05
3.97045099999998e-05
3.9704744999999806e-05
3.970497999999981e-05
3.970521499999981e-05
3.9705449999999815e-05
3.970568499999982e-05
3.970591999999982e-05
3.9706154999999823e-05
3.9706389999999826e-05
3.970662499999983e-05
3.970685999999983e-05
3.9707094999999835e-05
3.970732999999984e-05
3.970756499999984e-05
3.9707799999999844e-05
3.9708034999999847e-05
3.970826999999985e-05
3.970850499999985e-05
3.9708739999999855e-05
3.970897499999986e-05
3.970920999999986e-05
3.9709444999999864e-05
3.970967999999987e-05
3.970991499999987e-05
3.971014999999987e-05
3.9710384999999875e-05
3.974499999999988e-05
3.9759874999999875e-05
3.976010999999988e-05
3.976034499999988e-05
3.9760579999999884e-05
3.9760814999999886e-05
3.976104999999989e-05
3.976128499999989e-05
3.9761519999999895e-05
3.997701499999989e-05
4.009988999999989e-05
4.010012499999989e-05
4.0100359999999895e-05
4.01005949999999e-05
4.01008299999999e-05
4.0101064999999904e-05
4.010129999999991e-05
4.010153499999991e-05
4.010176999999991e-05
4.0102004999999916e-05
4.010223999999992e-05
4.010247499999992e-05
4.093297499999992e-05
4.199464999999992e-05
4.284568499999992e-05
4.284591999999992e-05
4.2846154999999926e-05
4.284638999999993e-05
4.284662499999993e-05
4.2846859999999934e-05
4.284709499999994e-05
4.284732999999994e-05
4.284756499999994e-05
4.2847799999999946e-05
4.284803499999995e-05
4.284826999999995e-05
4.2848504999999954e-05
4.284873999999996e-05
4.284897499999996e-05
4.284920999999996e-05
4.2849444999999966e-05
4.3149614999999965e-05
4.331576999999997e-05
4.331600499999997e-05
4.331623999999997e-05
4.3316474999999976e-05
4.331670999999998e-05
4.331694499999998e-05
4.3317179999999984e-05
4.331741499999999e-05
4.331764999999999e-05
4.331788499999999e-05
4.3318119999999996e-05
4.3318355e-05
4.331859e-05
4.3318825000000004e-05
4.331906000000001e-05
4.331929500000001e-05
4.331953000000001e-05
4.3319765000000016e-05
4.332000000000002e-05
4.332023500000002e-05
4.341333000000002e-05
4.3464205000000024e-05
4.346444000000003e-05
4.346467500000003e-05
4.346491000000003e-05
4.3465145000000035e-05
4.346538000000004e-05
4.346561500000004e-05
4.3465850000000044e-05
4.346608500000005e-05
4.346632000000005e-05
4.346655500000005e-05
4.3466790000000056e-05
4.346702500000006e-05
4.346726000000006e-05
4.3467495000000064e-05
4.346773000000007e-05
4.346796500000007e-05
4.346820000000007e-05
4.3468435000000076e-05
4.346867000000008e-05
4.346890500000008e-05
4.3469140000000084e-05
4.346937500000009e-05
4.346961000000009e-05
4.346984500000009e-05
4.3470080000000096e-05
4.34703150000001e-05
4.34705500000001e-05
4.3470785000000105e-05
4.347102000000011e-05
4.347125500000011e-05
4.347149000000011e-05
4.3471725000000116e-05
4.347196000000012e-05
4.347219500000012e-05
4.3472430000000125e-05
4.347266500000013e-05
4.347290000000013e-05
4.3473135000000133e-05
4.3473370000000136e-05
4.347360500000014e-05
4.347384000000014e-05
4.3474075000000145e-05
4.347431000000015e-05
4.347454500000015e-05
4.3474780000000154e-05
4.3475015000000157e-05
4.347525000000016e-05
4.347548500000016e-05
4.3475720000000165e-05
4.347595500000017e-05
4.347619000000017e-05
4.3476425000000174e-05
4.347666000000018e-05
4.347689500000018e-05
4.347713000000018e-05
4.3477365000000185e-05
4.347760000000019e-05
4.347783500000019e-05
4.3478070000000194e-05
4.34783050000002e-05
4.34785400000002e-05
4.34787750000002e-05
4.3479010000000206e-05
4.3521705000000204e-05
4.35437800000002e-05
4.3544015000000206e-05
4.354425000000021e-05
4.354448500000021e-05
4.3544720000000215e-05
4.354495500000022e-05
4.3987505000000216e-05
4.4298225000000214e-05
4.448630000000021e-05
4.4486535000000214e-05
4.448677000000022e-05
4.448700500000022e-05
4.448724000000022e-05
4.4487475000000226e-05
4.448771000000023e-05
4.448794500000023e-05
4.4488180000000234e-05
4.448841500000024e-05
4.448865000000024e-05
4.448888500000024e-05
4.4489120000000246e-05
4.448935500000025e-05
4.492727500000025e-05
4.5100630000000246e-05
4.510086500000025e-05
4.510110000000025e-05
4.5101335000000255e-05
4.517830500000025e-05
4.5214860000000254e-05
4.521509500000026e-05
4.521533000000026e-05
4.521556500000026e-05
4.5215800000000266e-05
4.521603500000027e-05
4.521627000000027e-05
4.5216505000000275e-05
4.521674000000028e-05
4.521697500000028e-05
4.521721000000028e-05
4.5217445000000286e-05
4.521768000000029e-05
4.521791500000029e-05
4.5218150000000295e-05
4.52183850000003e-05
4.52186200000003e-05
4.5218855000000303e-05
4.56199500000003e-05
4.5771785000000305e-05
4.577202000000031e-05
4.577225500000031e-05
4.5772490000000314e-05
4.5772725000000317e-05
4.577296000000032e-05
4.577319500000032e-05
4.5773430000000325e-05
4.577366500000033e-05
4.577390000000033e-05
4.5774135000000334e-05
4.577437000000034e-05
4.577460500000034e-05
4.577484000000034e-05
4.5775075000000345e-05
4.577531000000035e-05
4.577554500000035e-05
4.5775780000000354e-05
4.577601500000036e-05
4.577625000000036e-05
4.577648500000036e-05
4.5776720000000366e-05
4.5794160000000366e-05
4.580175500000037e-05
4.580199000000037e-05
4.5802225000000374e-05
4.580246000000038e-05
4.580269500000038e-05
4.580293000000038e-05
4.5803165000000386e-05
4.580340000000039e-05
4.580363500000039e-05
4.5803870000000395e-05
4.6280565000000396e-05
4.64756000000004e-05
4.65939700000004e-05
4.66593250000004e-05
4.66595600000004e-05
4.66597950000004e-05
4.6660030000000406e-05
4.666026500000041e-05
4.666050000000041e-05
4.6660735000000414e-05
4.666097000000042e-05
4.666120500000042e-05
4.666144000000042e-05
4.6661675000000426e-05
4.666191000000043e-05
4.666214500000043e-05
4.716672000000043e-05
4.7383355000000435e-05
4.738359000000044e-05
4.738382500000044e-05
4.7384060000000444e-05
4.7384295000000447e-05
4.738453000000045e-05
4.738476500000045e-05
4.7385000000000455e-05
4.738523500000046e-05
4.738547000000046e-05
4.7385705000000464e-05
4.738594000000047e-05
4.738617500000047e-05
4.738641000000047e-05
4.7386645000000475e-05
4.738688000000048e-05
4.738711500000048e-05
4.7387350000000484e-05
4.738758500000049e-05
4.738782000000049e-05
4.738805500000049e-05
4.7388290000000496e-05
4.73885250000005e-05
4.73887600000005e-05
4.7388995000000504e-05
4.738923000000051e-05
4.738946500000051e-05
4.738970000000051e-05
4.7389935000000516e-05
4.739017000000052e-05
4.739040500000052e-05
4.7390640000000524e-05
4.739087500000053e-05
4.739111000000053e-05
4.739134500000053e-05
4.7391580000000536e-05
4.739181500000054e-05
4.739205000000054e-05
4.7392285000000545e-05
4.739252000000055e-05
4.739275500000055e-05
4.739299000000055e-05
4.7393225000000556e-05
4.739346000000056e-05
4.739369500000056e-05
4.7393930000000565e-05
4.739416500000057e-05
4.739440000000057e-05
4.7394635000000574e-05
4.7394870000000576e-05
4.739510500000058e-05
4.739534000000058e-05
4.7395575000000585e-05
4.739581000000059e-05
4.739604500000059e-05
4.7396280000000594e-05
4.73965150000006e-05
4.73967500000006e-05
4.73969850000006e-05
4.7397220000000605e-05
4.739745500000061e-05
4.739769000000061e-05
4.7397925000000614e-05
4.739816000000062e-05
4.739839500000062e-05
4.739863000000062e-05
4.7398865000000626e-05
4.739910000000063e-05
4.739933500000063e-05
4.7399570000000634e-05
4.739980500000064e-05
4.740004000000064e-05
4.740027500000064e-05
4.7400510000000646e-05
4.740074500000065e-05
4.740098000000065e-05
4.7401215000000654e-05
4.740145000000066e-05
4.740168500000066e-05
4.740192000000066e-05
4.7402155000000666e-05
4.740239000000067e-05
4.740262500000067e-05
4.7402860000000675e-05
4.740309500000068e-05
4.740333000000068e-05
4.740356500000068e-05
4.7403800000000686e-05
4.8066850000000687e-05
4.8398765000000683e-05
4.8399000000000686e-05
4.839923500000069e-05
4.886698500000069e-05
4.906210000000069e-05
4.906233500000069e-05
4.9062570000000696e-05
4.90628050000007e-05
4.90630400000007e-05
4.9063275000000705e-05
4.906351000000071e-05
4.906374500000071e-05
4.906398000000071e-05
4.9064215000000716e-05
4.906445000000072e-05
4.906468500000072e-05
4.9064920000000725e-05
4.906515500000073e-05
4.906539000000073e-05
4.9065625000000734e-05
4.9065860000000736e-05
4.906609500000074e-05
4.906633000000074e-05
4.9066565000000745e-05
4.906680000000075e-05
4.906703500000075e-05
4.9067270000000754e-05
4.906750500000076e-05
4.906774000000076e-05
4.906797500000076e-05
4.9068210000000765e-05
4.906844500000077e-05
4.906868000000077e-05
4.9068915000000774e-05
4.906915000000078e-05
4.906938500000078e-05
4.906962000000078e-05
4.9069855000000786e-05
4.907009000000079e-05
4.907032500000079e-05
4.926069500000079e-05
4.936925000000079e-05
4.9369485000000794e-05
4.93697200000008e-05
4.93699550000008e-05
4.93701900000008e-05
4.9370425000000806e-05
4.95607200000008e-05
4.96691950000008e-05
4.9669430000000804e-05
4.966966500000081e-05
4.966990000000081e-05
4.967013500000081e-05
4.9670370000000816e-05
4.967060500000082e-05
4.967084000000082e-05
4.9671075000000824e-05
4.967131000000083e-05
4.967154500000083e-05
4.967178000000083e-05
4.9672015000000836e-05
4.967225000000084e-05
4.967248500000084e-05
4.9672720000000845e-05
4.967295500000085e-05
4.967319000000085e-05
4.967342500000085e-05
4.9673660000000856e-05
4.967389500000086e-05
4.967413000000086e-05
4.9674365000000865e-05
4.967460000000087e-05
4.967483500000087e-05
4.9675070000000874e-05
4.9675305000000876e-05
4.967554000000088e-05
4.967577500000088e-05
4.9676010000000885e-05
4.967624500000089e-05
4.967648000000089e-05
4.9676715000000894e-05
4.96769500000009e-05
4.96771850000009e-05
4.96774200000009e-05
4.9677655000000905e-05
4.967789000000091e-05
4.967812500000091e-05
4.9678360000000914e-05
4.967859500000092e-05
4.9713135000000914e-05
4.972793000000091e-05
4.9728165000000915e-05
4.972840000000092e-05
4.978819500000092e-05
4.981747000000092e-05
4.9817705000000924e-05
4.981794000000093e-05
4.981817500000093e-05
4.981841000000093e-05
4.9818645000000936e-05
4.981888000000094e-05
4.981911500000094e-05
4.9819350000000945e-05
4.981958500000095e-05
4.981982000000095e-05
4.982005500000095e-05
4.9820290000000956e-05
4.982052500000096e-05
4.982076000000096e-05
4.9820995000000965e-05
4.982123000000097e-05
4.982146500000097e-05
4.9821700000000973e-05
4.9821935000000976e-05
4.982217000000098e-05
4.982240500000098e-05
4.9822640000000985e-05
4.982287500000099e-05
4.982311000000099e-05
4.9823345000000994e-05
4.9823580000000997e-05
4.9823815000001e-05
4.9824050000001e-05
4.9824285000001005e-05
4.982452000000101e-05
4.982475500000101e-05
4.9824990000001014e-05
4.982522500000102e-05
4.982546000000102e-05
4.982569500000102e-05
4.9825930000001025e-05
4.982616500000103e-05
4.982640000000103e-05
4.9826635000001034e-05
4.982687000000104e-05
4.982710500000104e-05
4.982734000000104e-05
4.9827575000001046e-05
4.982781000000105e-05
4.982804500000105e-05
4.9828280000001054e-05
4.982851500000106e-05
4.982875000000106e-05
4.982898500000106e-05
4.9829220000001066e-05
4.982945500000107e-05
4.982969000000107e-05
4.9829925000001075e-05
4.983016000000108e-05
4.983039500000108e-05
4.983063000000108e-05
4.9830865000001086e-05
4.983110000000109e-05
4.983133500000109e-05
4.9831570000001095e-05
4.98318050000011e-05
4.98320400000011e-05
4.98322750000011e-05
4.9832510000001106e-05
4.983274500000111e-05
4.983298000000111e-05
4.9833215000001115e-05
4.983345000000112e-05
4.983368500000112e-05
4.9833920000001124e-05
4.9834155000001126e-05
4.983439000000113e-05
4.983462500000113e-05
4.9834860000001135e-05
4.983509500000114e-05
4.983533000000114e-05
4.9835565000001144e-05
4.983580000000115e-05
4.983603500000115e-05
4.983627000000115e-05
4.9836505000001155e-05
4.9854020000001154e-05
4.9861695000001156e-05
4.986193000000116e-05
4.986216500000116e-05
4.9862400000001164e-05
4.986263500000117e-05
4.986287000000117e-05
4.986310500000117e-05
4.9863340000001176e-05
4.986357500000118e-05
4.986381000000118e-05
4.9864045000001185e-05
4.986428000000119e-05
4.986451500000119e-05
4.986475000000119e-05
4.9864985000001196e-05
4.98652200000012e-05
4.98654550000012e-05
4.9865690000001205e-05
4.986592500000121e-05
4.986616000000121e-05
4.9866395000001213e-05
4.9866630000001216e-05
4.986686500000122e-05
4.986710000000122e-05
4.9867335000001225e-05
4.986757000000123e-05
4.986780500000123e-05
4.9868040000001234e-05
4.9868275000001237e-05
4.986851000000124e-05
4.986874500000124e-05
4.9868980000001245e-05
4.986921500000125e-05
5.040356500000125e-05
5.064188000000125e-05
5.0642115000001256e-05
5.064235000000126e-05
5.064258500000126e-05
5.0642820000001264e-05
5.064305500000127e-05
5.064329000000127e-05
5.064352500000127e-05
5.0643760000001276e-05
5.064399500000128e-05
5.064423000000128e-05
5.0644465000001284e-05
5.064470000000129e-05
5.064493500000129e-05
5.064517000000129e-05
5.0645405000001296e-05
5.06456400000013e-05
5.06458750000013e-05
5.0646110000001305e-05
5.064634500000131e-05
5.064658000000131e-05
5.064681500000131e-05
5.0647050000001316e-05
5.064728500000132e-05
5.064752000000132e-05
5.0647755000001325e-05
5.064799000000133e-05
5.064822500000133e-05
5.0648460000001333e-05
5.0648695000001336e-05
5.064893000000134e-05
5.064916500000134e-05
5.0649400000001345e-05
5.064963500000135e-05
5.064987000000135e-05
5.0650105000001354e-05
5.0650340000001357e-05
5.065057500000136e-05
5.065081000000136e-05
5.0651045000001365e-05
5.065128000000137e-05
5.065151500000137e-05
5.0651750000001374e-05
5.065198500000138e-05
5.065222000000138e-05
5.065245500000138e-05
5.0652690000001385e-05
5.065292500000139e-05
5.065316000000139e-05
5.0653395000001394e-05
5.06536300000014e-05
5.06538650000014e-05
5.06541000000014e-05
5.0654335000001406e-05
5.065457000000141e-05
5.065480500000141e-05
5.0655040000001414e-05
5.065527500000142e-05
5.065551000000142e-05
5.065574500000142e-05
5.0655980000001426e-05
5.065621500000143e-05
5.065645000000143e-05
5.0656685000001435e-05
5.065692000000144e-05
5.065715500000144e-05
5.065739000000144e-05
5.0657625000001446e-05
5.065786000000145e-05
5.065809500000145e-05
5.0658330000001455e-05
5.065856500000146e-05
5.065880000000146e-05
5.0659035000001463e-05
5.0659270000001466e-05
5.065950500000147e-05
5.065974000000147e-05
5.0659975000001475e-05
5.066021000000148e-05
5.066044500000148e-05
5.0660680000001484e-05
5.0660915000001486e-05
5.066115000000149e-05
5.066138500000149e-05
5.0661620000001495e-05
5.06618550000015e-05
5.0704550000001496e-05
5.0726625000001496e-05
5.07268600000015e-05
5.07270950000015e-05
5.07445350000015e-05
5.0752130000001505e-05
5.075236500000151e-05
5.075260000000151e-05
5.075283500000151e-05
5.0753070000001516e-05
5.075330500000152e-05
5.075354000000152e-05
5.0753775000001525e-05
5.075401000000153e-05
5.075424500000153e-05
5.0754480000001533e-05
5.0754715000001536e-05
5.075495000000154e-05
5.075518500000154e-05
5.0755420000001545e-05
5.075565500000155e-05
5.075589000000155e-05
5.0756125000001554e-05
5.0756360000001557e-05
5.075659500000156e-05
5.075683000000156e-05
5.0757065000001565e-05
5.075730000000157e-05
5.075753500000157e-05
5.0757770000001574e-05
5.082651000000157e-05
5.0855705000001574e-05
5.085594000000158e-05
5.085617500000158e-05
5.085641000000158e-05
5.0856645000001586e-05
5.085688000000159e-05
5.085711500000159e-05
5.0857350000001594e-05
5.08575850000016e-05
5.08578200000016e-05
5.08580550000016e-05
5.0858290000001606e-05
5.085852500000161e-05
5.085876000000161e-05
5.0858995000001615e-05
5.0876435000001615e-05
5.088403000000162e-05
5.088426500000162e-05
5.088450000000162e-05
5.0884735000001626e-05
5.088497000000163e-05
5.088520500000163e-05
5.0885440000001635e-05
5.088567500000164e-05
5.088591000000164e-05
5.0886145000001644e-05
5.0886380000001646e-05
5.088661500000165e-05
5.088685000000165e-05
5.0887085000001655e-05
5.088732000000166e-05
5.088755500000166e-05
5.0887790000001664e-05
5.088802500000167e-05
5.088826000000167e-05
5.088849500000167e-05
5.0888730000001675e-05
5.0948600000001676e-05
5.0977955000001676e-05
5.097819000000168e-05
5.097842500000168e-05
5.0978660000001685e-05
5.097889500000169e-05
5.097913000000169e-05
5.0979365000001693e-05
5.0979600000001696e-05
5.09798350000017e-05
5.09800700000017e-05
5.0980305000001705e-05
5.098054000000171e-05
5.098077500000171e-05
5.0981010000001714e-05
5.0981245000001717e-05
5.1531795000001714e-05
5.1784510000001714e-05
5.1784745000001717e-05
5.178498000000172e-05
5.178521500000172e-05
5.1785450000001725e-05
5.178568500000173e-05
5.178592000000173e-05
5.1786155000001734e-05
5.178639000000174e-05
5.178662500000174e-05
5.178686000000174e-05
5.1787095000001745e-05
5.178733000000175e-05
5.178756500000175e-05
5.1787800000001754e-05
5.178803500000176e-05
5.1856005000001755e-05
5.189256000000176e-05
5.189279500000176e-05
5.189303000000176e-05
5.1893265000001766e-05
5.189350000000177e-05
5.189373500000177e-05
5.1893970000001775e-05
5.189420500000178e-05
5.189444000000178e-05
5.1894675000001783e-05
5.1894910000001786e-05
5.189514500000179e-05
5.189538000000179e-05
5.1895615000001795e-05
5.18958500000018e-05
5.18960850000018e-05
5.1896320000001804e-05
5.1896555000001807e-05
5.189679000000181e-05
5.189702500000181e-05
5.1897260000001815e-05
5.189749500000182e-05
5.189773000000182e-05
5.1897965000001824e-05
5.189820000000183e-05
5.189843500000183e-05
5.189867000000183e-05
5.1898905000001835e-05
5.189914000000184e-05
5.189937500000184e-05
5.1899610000001844e-05
5.189984500000185e-05
5.190008000000185e-05
5.190031500000185e-05
5.1900550000001856e-05
5.190078500000186e-05
5.190102000000186e-05
5.1901255000001864e-05
5.190149000000187e-05
5.190172500000187e-05
5.190196000000187e-05
5.1902195000001876e-05
5.190243000000188e-05
5.190266500000188e-05
5.1902900000001885e-05
5.190313500000189e-05
5.190337000000189e-05
5.190360500000189e-05
5.1903840000001896e-05
5.19040750000019e-05
5.19043100000019e-05
5.1904545000001905e-05
5.190478000000191e-05
5.190501500000191e-05
5.1905250000001913e-05
5.1905485000001916e-05
5.196528000000192e-05
5.199455500000192e-05
5.199479000000192e-05
5.1995025000001926e-05
5.199526000000193e-05
5.199549500000193e-05
5.1995730000001934e-05
5.199596500000194e-05
5.199620000000194e-05
5.199643500000194e-05
5.1996670000001946e-05
5.199690500000195e-05
5.199714000000195e-05
5.1997375000001954e-05
5.199761000000196e-05
5.199784500000196e-05
5.199808000000196e-05
5.206597500000196e-05
5.210245000000196e-05
5.210268500000196e-05
5.2102920000001965e-05
5.210315500000197e-05
5.210339000000197e-05
5.2103625000001974e-05
5.210386000000198e-05
5.210409500000198e-05
5.210433000000198e-05
5.2104565000001986e-05
5.210480000000199e-05
5.210503500000199e-05
5.2105270000001994e-05
5.2105505000002e-05
5.2105740000002e-05
5.2105975000002e-05
5.2543895000002e-05
5.2717250000002e-05
5.2717485000002e-05
5.2717720000002006e-05
5.271795500000201e-05
5.271819000000201e-05
5.2718425000002014e-05
5.271866000000202e-05
5.271889500000202e-05
5.271913000000202e-05
5.2719365000002026e-05
5.271960000000203e-05
5.271983500000203e-05
5.2720070000002034e-05
5.272030500000204e-05
5.272054000000204e-05
5.272077500000204e-05
5.2721010000002046e-05
5.272124500000205e-05
5.272148000000205e-05
5.2721715000002055e-05
5.272195000000206e-05
5.272218500000206e-05
5.272242000000206e-05
5.2722655000002066e-05
5.272289000000207e-05
5.272312500000207e-05
5.2723360000002075e-05
5.272359500000208e-05
5.272383000000208e-05
5.2724065000002084e-05
5.2724300000002086e-05
5.272453500000209e-05
5.272477000000209e-05
5.2725005000002095e-05
5.27252400000021e-05
5.27254750000021e-05
5.2725710000002104e-05
5.272594500000211e-05
5.272618000000211e-05
5.272641500000211e-05
5.2726650000002115e-05
5.272688500000212e-05
5.272712000000212e-05
5.2727355000002124e-05
5.272759000000213e-05
5.272782500000213e-05
5.272806000000213e-05
5.2728295000002136e-05
5.272853000000214e-05
5.272876500000214e-05
5.2729000000002144e-05
5.272923500000215e-05
5.272947000000215e-05
5.272970500000215e-05
5.2729940000002156e-05
5.325071500000216e-05
5.348175000000216e-05
5.348198500000216e-05
5.3482220000002164e-05
5.348245500000217e-05
5.348269000000217e-05
5.348292500000217e-05
5.3483160000002176e-05
5.348339500000218e-05
5.348363000000218e-05
5.3483865000002184e-05
5.348410000000219e-05
5.348433500000219e-05
5.348457000000219e-05
5.3484805000002196e-05
5.34850400000022e-05
5.34852750000022e-05
5.3485510000002204e-05
5.348574500000221e-05
5.348598000000221e-05
5.348621500000221e-05
5.3486450000002216e-05
5.348668500000222e-05
5.348692000000222e-05
5.3487155000002225e-05
5.348739000000223e-05
5.348762500000223e-05
5.348786000000223e-05
5.3488095000002236e-05
5.348833000000224e-05
5.348856500000224e-05
5.3488800000002245e-05
5.348903500000225e-05
5.348927000000225e-05
5.3489505000002254e-05
5.3489740000002256e-05
5.348997500000226e-05
5.349021000000226e-05
5.3490445000002265e-05
5.349068000000227e-05
5.349091500000227e-05
5.3491150000002274e-05
5.349138500000228e-05
5.349162000000228e-05
5.349185500000228e-05
5.3492090000002285e-05
5.349232500000229e-05
5.349256000000229e-05
5.3492795000002294e-05
5.34930300000023e-05
5.34932650000023e-05
5.34935000000023e-05
5.3493735000002305e-05
5.349397000000231e-05
5.349420500000231e-05
5.3494440000002314e-05
5.349467500000232e-05
5.349491000000232e-05
5.349514500000232e-05
5.3495380000002326e-05
5.349561500000233e-05
5.349585000000233e-05
5.3496085000002334e-05
5.349632000000234e-05
5.349655500000234e-05
5.349679000000234e-05
5.3497025000002346e-05
5.349726000000235e-05
5.349749500000235e-05
5.3497730000002355e-05
5.349796500000236e-05
5.349820000000236e-05
5.349843500000236e-05
5.3498670000002366e-05
5.349890500000237e-05
5.349914000000237e-05
5.3499375000002375e-05
5.349961000000238e-05
5.349984500000238e-05
5.3500080000002383e-05
5.3500315000002386e-05
5.350055000000239e-05
5.350078500000239e-05
5.3501020000002395e-05
5.35012550000024e-05
5.35014900000024e-05
5.3501725000002404e-05
5.3501960000002407e-05
5.350219500000241e-05
5.350243000000241e-05
5.3502665000002415e-05
5.350290000000242e-05
5.350313500000242e-05
5.3503370000002424e-05
5.350360500000243e-05
5.350384000000243e-05
5.350407500000243e-05
5.3504310000002435e-05
5.350454500000244e-05
5.350478000000244e-05
5.3505015000002444e-05
5.350525000000245e-05
5.350548500000245e-05
5.359948000000245e-05
5.364315500000245e-05
5.3643390000002454e-05
5.364362500000246e-05
5.364386000000246e-05
5.364409500000246e-05
5.4261245000002464e-05
5.4557160000002464e-05
5.455739500000247e-05
5.455763000000247e-05
5.455786500000247e-05
5.4558100000002475e-05
5.455833500000248e-05
5.455857000000248e-05
5.4558805000002484e-05
5.455904000000249e-05
5.455927500000249e-05
5.455951000000249e-05
5.4559745000002496e-05
5.45599800000025e-05
5.45602150000025e-05
5.4560450000002504e-05
5.456068500000251e-05
5.456092000000251e-05
5.456115500000251e-05
5.4561390000002516e-05
5.456162500000252e-05
5.456186000000252e-05
5.4562095000002524e-05
5.456233000000253e-05
5.456256500000253e-05
5.456280000000253e-05
5.4563035000002536e-05
5.456327000000254e-05
5.503102000000254e-05
5.522613500000254e-05
5.522637000000254e-05
5.5226605000002546e-05
5.5680780000002544e-05
5.5868615000002545e-05
5.586885000000255e-05
5.5903390000002545e-05
5.6344525000002545e-05
5.6525480000002546e-05
5.652571500000255e-05
5.652595000000255e-05
5.700532500000255e-05
5.720756000000255e-05
5.792363500000255e-05
5.8291470000002555e-05
5.8524065000002557e-05
5.8654140000002555e-05
5.865437500000256e-05
5.865461000000256e-05
5.8654845000002564e-05
5.865508000000257e-05
5.865531500000257e-05
5.865555000000257e-05
5.8655785000002576e-05
5.865602000000258e-05
5.865625500000258e-05
5.8656490000002584e-05
5.865672500000259e-05
5.865696000000259e-05
5.865719500000259e-05
5.8657430000002596e-05
5.86576650000026e-05
5.86579000000026e-05
5.8658135000002605e-05
5.865837000000261e-05
5.865860500000261e-05
5.865884000000261e-05
5.872681000000261e-05
5.8763365000002614e-05
5.8763600000002617e-05
5.876383500000262e-05
5.876407000000262e-05
5.8764305000002625e-05
5.876454000000263e-05
5.876477500000263e-05
5.887497000000263e-05
5.8933045000002625e-05
5.893328000000263e-05
5.893351500000263e-05
5.8933750000002634e-05
5.893398500000264e-05
5.893422000000264e-05
5.893445500000264e-05
5.8934690000002645e-05
5.893492500000265e-05
5.893516000000265e-05
5.8935395000002654e-05
5.893563000000266e-05
5.893586500000266e-05
5.893610000000266e-05
5.8936335000002666e-05
5.893657000000267e-05
5.893680500000267e-05
5.8937040000002674e-05
5.893727500000268e-05
5.893751000000268e-05
5.893774500000268e-05
5.936404000000268e-05
5.953027500000268e-05
5.9547715000002684e-05
5.957711500000268e-05
5.959207000000268e-05
5.9592305000002686e-05
5.9643945000002687e-05
5.966594000000269e-05
5.966617500000269e-05
5.966641000000269e-05
5.9666645000002696e-05
5.96668800000027e-05
5.96671150000027e-05
5.9667350000002704e-05
5.966758500000271e-05
5.966782000000271e-05
5.966805500000271e-05
5.9668290000002716e-05
5.9736185000002715e-05
5.977266000000271e-05
5.988285500000271e-05
5.9940930000002707e-05
5.994116500000271e-05
6.0060360000002706e-05
6.01184350000027e-05
6.0118670000002706e-05
6.011890500000271e-05
6.011914000000271e-05
6.0119375000002715e-05
6.011961000000272e-05
6.011984500000272e-05
6.012008000000272e-05
6.0120315000002726e-05
6.012055000000273e-05
6.012078500000273e-05
6.0121020000002735e-05
6.012125500000274e-05
6.012149000000274e-05
6.0121725000002743e-05
6.0121960000002746e-05
6.012219500000275e-05
6.012243000000275e-05
6.0122665000002755e-05
6.012290000000276e-05
6.012313500000276e-05
6.0123370000002764e-05
6.0123605000002767e-05
6.012384000000277e-05
6.012407500000277e-05
6.0124310000002775e-05
6.012454500000278e-05
6.012478000000278e-05
6.0125015000002784e-05
6.012525000000279e-05
6.012548500000279e-05
6.012572000000279e-05
6.0125955000002795e-05
6.01261900000028e-05
6.01264250000028e-05
6.0126660000002804e-05
6.012689500000281e-05
6.012713000000281e-05
6.012736500000281e-05
6.0127600000002816e-05
6.012783500000282e-05
6.012807000000282e-05
6.0128305000002824e-05
6.012854000000283e-05
6.012877500000283e-05
6.012901000000283e-05
6.0129245000002836e-05
6.012948000000284e-05
6.012971500000284e-05
6.0129950000002845e-05
6.013018500000285e-05
6.013042000000285e-05
6.013065500000285e-05
6.0130890000002856e-05
6.013112500000286e-05
6.013136000000286e-05
6.0131595000002865e-05
6.013183000000287e-05
6.0544550000002866e-05
6.141895000000287e-05
6.319428500000288e-05
6.434164000000288e-05
6.434187500000287e-05
6.434211000000287e-05
6.441908000000287e-05
6.445563500000288e-05
6.445587000000287e-05
6.543492500000287e-05
6.588932000000287e-05
6.588955500000287e-05
6.588979000000287e-05
6.589002500000286e-05
6.589026000000286e-05
6.589049500000285e-05
6.589073000000285e-05
6.589096500000285e-05
6.589120000000284e-05
6.660727500000284e-05
6.697511000000284e-05
6.697534500000284e-05
6.697558000000283e-05
6.697581500000283e-05
6.697605000000283e-05
6.697628500000282e-05
6.697652000000282e-05
6.697675500000281e-05
6.697699000000281e-05
6.697722500000281e-05
6.69774600000028e-05
6.69776950000028e-05
6.69779300000028e-05
6.697816500000279e-05
6.697840000000279e-05
6.697863500000278e-05
6.697887000000278e-05
6.697910500000278e-05
6.697934000000277e-05
6.697957500000277e-05
6.697981000000276e-05
6.698004500000276e-05
6.744316500000275e-05
6.763092000000275e-05
6.763115500000275e-05
6.763139000000274e-05
6.763162500000274e-05
6.763186000000273e-05
6.763209500000273e-05
6.763233000000273e-05
6.763256500000272e-05
6.763280000000272e-05
6.763303500000271e-05
6.763327000000271e-05
6.76335050000027e-05
6.76337400000027e-05
6.76339750000027e-05
6.76342100000027e-05
6.763444500000269e-05
6.763468000000269e-05
6.763491500000268e-05
6.763515000000268e-05
6.763538500000268e-05
6.763562000000267e-05
6.767016000000268e-05
6.768495500000267e-05
6.817327500000267e-05
6.837543000000267e-05
6.837566500000266e-05
6.837590000000266e-05
6.837613500000266e-05
6.837637000000265e-05
6.837660500000265e-05
6.837684000000264e-05
6.837707500000264e-05
6.837731000000264e-05
6.837754500000263e-05
6.885424000000263e-05
6.904927500000264e-05
6.904951000000263e-05
6.904974500000263e-05
6.904998000000263e-05
6.905021500000262e-05
6.905045000000262e-05
6.905068500000261e-05
6.962643500000261e-05
6.989355000000262e-05
7.037024500000262e-05
7.056528000000262e-05
7.141455500000262e-05
7.186879000000263e-05
7.186902500000262e-05
7.186926000000262e-05
7.186949500000262e-05
7.186973000000261e-05
7.186996500000261e-05
7.18702000000026e-05
7.18704350000026e-05
7.18706700000026e-05
7.187090500000259e-05
7.187114000000259e-05
7.187137500000258e-05
7.187161000000258e-05
7.187184500000258e-05
7.187208000000257e-05
7.187231500000257e-05
7.187255000000257e-05
7.187278500000256e-05
7.187302000000256e-05
7.187325500000255e-05
7.187349000000255e-05
7.187372500000255e-05
7.187396000000254e-05
7.187419500000254e-05
7.187443000000253e-05
7.194324500000253e-05
7.197252000000252e-05
7.197275500000252e-05
7.197299000000252e-05
7.210838500000252e-05
7.224321500000252e-05
7.232305000000252e-05
7.232328500000251e-05
7.239202500000251e-05
7.242122000000251e-05
7.242145500000251e-05
7.340051000000251e-05
7.385490500000251e-05
7.385514000000251e-05
7.38553750000025e-05
7.413027000000251e-05
7.428194500000251e-05
7.428218000000251e-05
7.428241500000251e-05
7.47455350000025e-05
7.49332900000025e-05
7.493352500000249e-05
7.493376000000249e-05
7.493399500000248e-05
7.498563500000248e-05
7.500763000000248e-05
7.500786500000247e-05
7.500810000000247e-05
7.504264000000247e-05
7.505743500000247e-05
7.505767000000247e-05
7.505790500000247e-05
7.505814000000246e-05
7.505837500000246e-05
7.505861000000245e-05
7.505884500000245e-05
7.505908000000245e-05
7.512782000000244e-05
7.515701500000245e-05
7.515725000000244e-05
7.515748500000244e-05
7.517492500000244e-05
7.518252000000243e-05
7.518275500000243e-05
7.518299000000243e-05
7.518322500000242e-05
7.518346000000242e-05
7.518369500000242e-05
7.518393000000241e-05
7.518416500000241e-05
7.51844000000024e-05
7.51846350000024e-05
7.51848700000024e-05
7.518510500000239e-05
7.518534000000239e-05
7.518557500000238e-05
7.518581000000238e-05
7.518604500000238e-05
7.518628000000237e-05
7.518651500000237e-05
7.518675000000236e-05
7.518698500000236e-05
7.525495500000236e-05
7.529151000000236e-05
7.529174500000236e-05
7.529198000000235e-05
7.529221500000235e-05
7.529245000000235e-05
7.529268500000234e-05
7.529292000000234e-05
7.529315500000233e-05
7.529339000000233e-05
7.529362500000233e-05
7.529386000000232e-05
7.541223000000232e-05
7.547758500000232e-05
7.547782000000232e-05
7.547805500000231e-05
7.547829000000231e-05
7.54785250000023e-05
7.54787600000023e-05
7.54789950000023e-05
7.547923000000229e-05
7.547946500000229e-05
7.547970000000229e-05
7.547993500000228e-05
7.548017000000228e-05
7.548040500000227e-05
7.548064000000227e-05
7.548087500000227e-05
7.548111000000226e-05
7.548134500000226e-05
7.548158000000225e-05
7.548181500000225e-05
7.548205000000225e-05
7.548228500000224e-05
7.548252000000224e-05
7.548275500000223e-05
7.548299000000223e-05
7.548322500000223e-05
7.548346000000222e-05
7.548369500000222e-05
7.548393000000222e-05
7.548416500000221e-05
7.548440000000221e-05
7.54846350000022e-05
7.54848700000022e-05
7.54851050000022e-05
7.548534000000219e-05
7.55955350000022e-05
7.56536100000022e-05
7.56538450000022e-05
7.565408000000219e-05
7.565431500000219e-05
7.568885500000219e-05
7.570365000000219e-05
7.570388500000219e-05
7.570412000000218e-05
7.570435500000218e-05
7.570459000000217e-05
7.570482500000217e-05
7.570506000000217e-05
7.570529500000216e-05
7.570553000000216e-05
7.570576500000216e-05
7.570600000000215e-05
7.570623500000215e-05
7.570647000000214e-05
7.570670500000214e-05
7.570694000000214e-05
7.570717500000213e-05
7.570741000000213e-05
7.570764500000212e-05
7.570788000000212e-05
7.570811500000212e-05
7.570835000000211e-05
7.570858500000211e-05
7.57088200000021e-05
7.57090550000021e-05
7.57092900000021e-05
7.570952500000209e-05
7.570976000000209e-05
7.570999500000209e-05
7.571023000000208e-05
7.571046500000208e-05
7.571070000000207e-05
7.571093500000207e-05
7.571117000000207e-05
7.571140500000206e-05
7.571164000000206e-05
7.571187500000205e-05
7.577174500000205e-05
7.580110000000205e-05
7.580133500000205e-05
7.580157000000205e-05
7.580180500000204e-05
7.580204000000204e-05
7.580227500000204e-05
7.580251000000203e-05
7.580274500000203e-05
7.669637500000202e-05
7.708605000000202e-05
7.708628500000202e-05
7.708652000000202e-05
7.708675500000201e-05
7.708699000000201e-05
7.7087225000002e-05
7.7087460000002e-05
7.7087695000002e-05
7.708793000000199e-05
7.715667000000199e-05
7.718586500000199e-05
7.718610000000199e-05
7.718633500000198e-05
7.718657000000198e-05
7.718680500000198e-05
7.718704000000197e-05
7.718727500000197e-05
7.718751000000196e-05
7.718774500000196e-05
7.718798000000196e-05
7.718821500000195e-05
7.718845000000195e-05
7.718868500000195e-05
7.718892000000194e-05
7.773489500000194e-05
7.798033000000194e-05
7.798056500000194e-05
7.850134000000193e-05
7.873237500000193e-05
7.873261000000193e-05
7.873284500000193e-05
7.873308000000192e-05
7.873331500000192e-05
7.873355000000192e-05
7.873378500000191e-05
7.930582000000191e-05
7.960165500000191e-05
7.96018900000019e-05
7.96021250000019e-05
7.96023600000019e-05
7.960259500000189e-05
7.960283000000189e-05
7.960306500000188e-05
7.960330000000188e-05
8.014927500000188e-05
8.039471000000188e-05
8.042925000000189e-05
8.044404500000188e-05
8.044428000000188e-05
8.044451500000188e-05
8.044475000000187e-05
8.056312000000187e-05
8.062847500000187e-05
8.062871000000187e-05
8.062894500000186e-05
8.062918000000186e-05
8.062941500000186e-05
8.062965000000185e-05
8.062988500000185e-05
8.063012000000184e-05
8.063035500000184e-05
8.063059000000184e-05
8.063082500000183e-05
8.063106000000183e-05
8.063129500000182e-05
8.063153000000182e-05
8.063176500000182e-05
8.063200000000181e-05
8.063223500000181e-05
8.06324700000018e-05
8.06327050000018e-05
8.06329400000018e-05
8.063317500000179e-05
8.063341000000179e-05
8.063364500000179e-05
8.063388000000178e-05
8.063411500000178e-05
8.063435000000177e-05
8.063458500000177e-05
8.063482000000177e-05
8.063505500000176e-05
8.063529000000176e-05
8.063552500000175e-05
8.063576000000175e-05
8.063599500000175e-05
8.063623000000174e-05
8.091922500000175e-05
8.107810000000174e-05
8.107833500000174e-05
8.107857000000173e-05
8.107880500000173e-05
8.107904000000172e-05
8.107927500000172e-05
8.107951000000172e-05
8.107974500000171e-05
8.107998000000171e-05
8.10802150000017e-05
8.10804500000017e-05
8.10806850000017e-05
8.10809200000017e-05
8.108115500000169e-05
8.108139000000169e-05
8.108162500000168e-05
8.108186000000168e-05
8.108209500000167e-05
8.108233000000167e-05
8.108256500000167e-05
8.108280000000166e-05
8.108303500000166e-05
8.108327000000165e-05
8.108350500000165e-05
8.108374000000165e-05
8.108397500000164e-05
8.111851500000165e-05
8.113331000000165e-05
8.113354500000164e-05
8.113378000000164e-05
8.113401500000163e-05
8.113425000000163e-05
8.120299000000163e-05
8.123218500000163e-05
8.123242000000163e-05
8.123265500000162e-05
8.123289000000162e-05
8.123312500000161e-05
8.123336000000161e-05
8.12335950000016e-05
8.12338300000016e-05
8.12340650000016e-05
8.12343000000016e-05
8.123453500000159e-05
8.123477000000159e-05
8.123500500000158e-05
8.123524000000158e-05
8.123547500000158e-05
8.123571000000157e-05
8.123594500000157e-05
8.123618000000156e-05
8.127072000000157e-05
8.132899500000157e-05
8.135843000000158e-05
8.135866500000157e-05
8.135890000000157e-05
8.135913500000157e-05
8.135937000000156e-05
8.135960500000156e-05
8.184792500000155e-05
8.205008000000155e-05
8.205031500000155e-05
8.205055000000154e-05
8.205078500000154e-05
8.205102000000154e-05
8.205125500000153e-05
8.205149000000153e-05
8.205172500000153e-05
8.214572000000152e-05
8.218939500000152e-05
8.218963000000152e-05
8.218986500000151e-05
8.222440500000152e-05
8.223920000000151e-05
8.223943500000151e-05
8.223967000000151e-05
8.22399050000015e-05
8.23753750000015e-05
8.244793000000151e-05
8.24481650000015e-05
8.24484000000015e-05
8.24486350000015e-05
8.244887000000149e-05
8.244910500000149e-05
8.244934000000148e-05
8.248388000000149e-05
8.255918000000148e-05
8.259573500000149e-05
8.259597000000148e-05
8.259620500000148e-05
8.259644000000147e-05
8.259667500000147e-05
8.259691000000147e-05
8.342741000000146e-05
8.511620500000146e-05
8.638548000000146e-05
8.688105500000146e-05
8.709769000000145e-05
8.709792500000145e-05
8.709816000000145e-05
8.709839500000144e-05
8.709863000000144e-05
8.709886500000143e-05
8.763321500000144e-05
8.787153000000143e-05
8.787176500000143e-05
8.787200000000142e-05
8.794074000000142e-05
8.811617000000142e-05
8.823224500000141e-05
8.823248000000141e-05
8.82327150000014e-05
8.82329500000014e-05
8.82331850000014e-05
8.82506250000014e-05
8.825822000000139e-05
8.825845500000139e-05
8.825869000000138e-05
8.825892500000138e-05
8.825916000000138e-05
8.825939500000137e-05
8.825963000000137e-05
8.825986500000136e-05
8.826010000000136e-05
8.826033500000136e-05
8.826057000000135e-05
8.826080500000135e-05
8.837910000000135e-05
8.844437500000136e-05
8.844461000000135e-05
8.844484500000135e-05
8.847938500000135e-05
8.849418000000135e-05
8.849441500000135e-05
8.849465000000134e-05
8.849488500000134e-05
8.849512000000134e-05
8.849535500000133e-05
8.849559000000133e-05
8.849582500000132e-05
8.849606000000132e-05
8.849629500000132e-05
8.849653000000131e-05
8.849676500000131e-05
8.84970000000013e-05
8.84972350000013e-05
8.89991300000013e-05
8.92085650000013e-05
8.920880000000129e-05
8.92433400000013e-05
8.92581350000013e-05
8.925837000000129e-05
8.925860500000129e-05
8.925884000000128e-05
8.925907500000128e-05
8.925931000000128e-05
8.925954500000127e-05
8.925978000000127e-05
8.926001500000126e-05
8.926025000000126e-05
8.926048500000126e-05
8.926072000000125e-05
8.926095500000125e-05
8.926119000000124e-05
8.926142500000124e-05
8.926166000000124e-05
8.926189500000123e-05
8.926213000000123e-05
8.926236500000123e-05
8.926260000000122e-05
8.926283500000122e-05
8.926307000000121e-05
8.926330500000121e-05
8.92635400000012e-05
8.92637750000012e-05
8.92640100000012e-05
8.92642450000012e-05
8.926448000000119e-05
8.933237500000119e-05
8.936885000000119e-05
8.936908500000118e-05
8.936932000000118e-05
8.936955500000117e-05
8.936979000000117e-05
8.937002500000117e-05
8.937026000000116e-05
8.937049500000116e-05
8.937073000000116e-05
8.937096500000115e-05
8.937120000000115e-05
8.937143500000114e-05
8.937167000000114e-05
8.937190500000114e-05
8.940644500000114e-05
8.942124000000114e-05
8.942147500000113e-05
8.942171000000113e-05
8.945632500000113e-05
8.947120000000114e-05
8.947143500000113e-05
8.947167000000113e-05
8.947190500000112e-05
8.947214000000112e-05
8.947237500000112e-05
8.947261000000111e-05
8.947284500000111e-05
8.94730800000011e-05
8.94733150000011e-05
8.94735500000011e-05
8.94737850000011e-05
8.947402000000109e-05
8.947425500000109e-05
8.947449000000108e-05
8.947472500000108e-05
8.947496000000107e-05
8.947519500000107e-05
8.947543000000107e-05
8.947566500000106e-05
8.947590000000106e-05
8.947613500000105e-05
8.947637000000105e-05
8.947660500000105e-05
8.947684000000104e-05
8.947707500000104e-05
8.947731000000104e-05
8.947754500000103e-05
8.947778000000103e-05
8.947801500000102e-05
8.947825000000102e-05
8.954614500000102e-05
8.958262000000102e-05
8.958285500000101e-05
8.958309000000101e-05
8.9583325000001e-05
8.9583560000001e-05
8.9583795000001e-05
8.958403000000099e-05
8.958426500000099e-05
8.958450000000099e-05
8.958473500000098e-05
8.958497000000098e-05
8.958520500000097e-05
8.958544000000097e-05
8.958567500000097e-05
8.958591000000096e-05
8.958614500000096e-05
8.958638000000095e-05
8.958661500000095e-05
8.962123000000095e-05
8.963610500000096e-05
8.963634000000095e-05
8.968798000000095e-05
8.970997500000095e-05
8.971021000000094e-05
8.971044500000094e-05
8.971068000000094e-05
8.971091500000093e-05
8.971115000000093e-05
8.971138500000092e-05
8.971162000000092e-05
8.971185500000092e-05
8.971209000000091e-05
8.971232500000091e-05
8.972976500000091e-05
8.97373600000009e-05
8.97375950000009e-05
8.97378300000009e-05
8.973806500000089e-05
8.973830000000089e-05
8.973853500000088e-05
8.977307500000089e-05
8.978787000000089e-05
8.978810500000088e-05
8.978834000000088e-05
8.982288000000088e-05
8.983767500000088e-05
8.983791000000088e-05
8.983814500000087e-05
8.983838000000087e-05
8.983861500000087e-05
8.983885000000086e-05
8.992392000000086e-05
8.996767500000087e-05
8.996791000000086e-05
8.996814500000086e-05
8.996838000000086e-05
8.996861500000085e-05
8.996885000000085e-05
8.996908500000084e-05
8.996932000000084e-05
8.996955500000084e-05
8.996979000000083e-05
9.008808500000083e-05
9.015336000000084e-05
9.015359500000084e-05
9.015383000000083e-05
9.015406500000083e-05
9.015430000000083e-05
9.015453500000082e-05
9.015477000000082e-05
9.015500500000081e-05
9.015524000000081e-05
9.01554750000008e-05
9.01557100000008e-05
9.01559450000008e-05
9.01561800000008e-05
9.015641500000079e-05
9.015665000000079e-05
9.015688500000078e-05
9.015712000000078e-05
9.015735500000077e-05
9.015759000000077e-05
9.015782500000077e-05
9.015806000000076e-05
9.015829500000076e-05
9.022619000000076e-05
9.026266500000076e-05
9.026290000000075e-05
9.026313500000075e-05
9.026337000000074e-05
9.026360500000074e-05
9.026384000000074e-05
9.026407500000073e-05
9.026431000000073e-05
9.026454500000072e-05
9.026478000000072e-05
9.028222000000072e-05
9.028981500000072e-05
9.029005000000071e-05
9.029028500000071e-05
9.02905200000007e-05
9.02907550000007e-05
9.02909900000007e-05
9.02912250000007e-05
9.029146000000069e-05
9.029169500000069e-05
9.029193000000068e-05
9.029216500000068e-05
9.029240000000067e-05
9.029263500000067e-05
9.029287000000067e-05
9.029310500000066e-05
9.029334000000066e-05
9.029357500000065e-05
9.029381000000065e-05
9.029404500000065e-05
9.029428000000064e-05
9.029451500000064e-05
9.029475000000064e-05
9.029498500000063e-05
9.029522000000063e-05
9.029545500000062e-05
9.029569000000062e-05
9.029592500000062e-05
9.029616000000061e-05
9.029639500000061e-05
9.031383500000061e-05
9.03214300000006e-05
9.03216650000006e-05
9.03219000000006e-05
9.03897950000006e-05
9.042627000000059e-05
9.042650500000059e-05
9.042674000000058e-05
9.042697500000058e-05
9.046151500000058e-05
9.047631000000058e-05
9.047654500000058e-05
9.047678000000058e-05
9.047701500000057e-05
9.047725000000057e-05
9.047748500000056e-05
9.047772000000056e-05
9.047795500000056e-05
9.047819000000055e-05
9.052983000000055e-05
9.055182500000055e-05
9.058644000000055e-05
9.060131500000055e-05
9.060155000000055e-05
9.060178500000054e-05
9.060202000000054e-05
9.060225500000054e-05
9.060249000000053e-05
9.060272500000053e-05
9.148278000000053e-05
9.186517500000054e-05
9.186541000000053e-05
9.186564500000053e-05
9.190018500000053e-05
9.191498000000053e-05
9.191521500000053e-05
9.191545000000052e-05
9.191568500000052e-05
9.191592000000052e-05
9.191615500000051e-05
9.191639000000051e-05
9.19166250000005e-05
9.19168600000005e-05
9.23043800000005e-05
9.24489350000005e-05
9.24491700000005e-05
9.244940500000049e-05
9.244964000000049e-05
9.28875600000005e-05
9.30609150000005e-05
9.34736350000005e-05
9.36325900000005e-05
9.36328250000005e-05
9.36330600000005e-05
9.363329500000049e-05
9.363353000000049e-05
9.363376500000048e-05
9.363400000000048e-05
9.363423500000048e-05
9.363447000000047e-05
9.363470500000047e-05
9.363494000000046e-05
9.363517500000046e-05
9.363541000000046e-05
9.407333000000046e-05
9.424668500000047e-05
9.424692000000046e-05
9.465964000000047e-05
9.481859500000047e-05
9.481883000000046e-05
9.481906500000046e-05
9.485368000000046e-05
9.486855500000047e-05
9.486879000000046e-05
9.486902500000046e-05
9.486926000000045e-05
9.486949500000045e-05
9.486973000000045e-05
9.486996500000044e-05
9.537186000000045e-05
9.558129500000044e-05
9.558153000000044e-05
9.558176500000043e-05
9.558200000000043e-05
9.558223500000042e-05
9.558247000000042e-05
9.568456500000043e-05
9.573544000000043e-05
9.573567500000042e-05
9.573591000000042e-05
9.573614500000042e-05
9.573638000000041e-05
9.573661500000041e-05
9.57368500000004e-05
9.57370850000004e-05
9.57373200000004e-05
9.573755500000039e-05
9.573779000000039e-05
9.573802500000039e-05
9.615074500000039e-05
9.630970000000039e-05
9.67224200000004e-05
9.68813750000004e-05
9.688161000000039e-05
9.688184500000039e-05
9.688208000000038e-05
9.688231500000038e-05
9.688255000000038e-05
9.688278500000037e-05
9.688302000000037e-05
9.688325500000036e-05
9.688349000000036e-05
9.688372500000036e-05
9.688396000000035e-05
9.688419500000035e-05
9.688443000000034e-05
9.688466500000034e-05
9.688490000000034e-05
9.688513500000033e-05
9.688537000000033e-05
9.688560500000033e-05
9.688584000000032e-05
9.688607500000032e-05
9.771657500000032e-05
9.806289000000032e-05
9.817316000000032e-05
9.823131500000032e-05
9.823155000000031e-05
9.823178500000031e-05
9.82320200000003e-05
9.82322550000003e-05
9.82324900000003e-05
9.823272500000029e-05
9.823296000000029e-05
9.823319500000028e-05
9.823343000000028e-05
9.823366500000028e-05
9.823390000000027e-05
9.823413500000027e-05
9.823437000000026e-05
9.823460500000026e-05
9.823484000000026e-05
9.823507500000025e-05
9.906557500000025e-05
0.00010102200500000025
0.00010270224000000025
0.00010270247500000025
0.00010270271000000025
0.00010270294500000024
0.00010270318000000024
0.00010270341500000023
0.00010270365000000023
0.00010270388500000023
0.00010270412000000022
0.00010270435500000022
0.00010270459000000022
0.00010270482500000021
0.00010270506000000021
0.0001027052950000002
0.0001027055300000002
0.0001027057650000002
0.00010270600000000019
0.00010270623500000019
0.00010270647000000018
0.00010270670500000018
0.00010270694000000018
0.00010270717500000017
0.00010317029500000017
0.00010335805000000016
0.00010335828500000016
0.00010335852000000015
0.00010335875500000015
0.00010335899000000015
0.00010418949000000014
0.00010453580500000015
0.00010453604000000014
0.00010536654000000014
0.00010571285500000014
0.00010578075000000014
0.00010581722500000014
0.00010590222000000014
0.00010594589500000014
0.00010640901500000013
0.00010659677000000013
0.00010659700500000013
0.00010659724000000012
0.00010659747500000012
0.00010659771000000011
0.00010659794500000011
0.0001065981800000001
0.0001065984150000001
0.0001065986500000001
0.0001065988850000001
0.00010659912000000009
0.00010659935500000009
0.00010659959000000008
0.00010659982500000008
0.00010660006000000007
0.00010660029500000007
0.00010666911000000007
0.00010669838500000006
0.00010752888500000006
0.00010787520000000006
0.00010787543500000006
0.00010787567000000005
0.00010787590500000005
0.00010787614000000005
0.00010787637500000004
0.00010787661000000004
0.00010787684500000003
0.00010787708000000003
0.00010787731500000003
0.00010787755000000002
0.00010787778500000002
0.00010787802000000001
0.00010787825500000001
0.00010787849
0.000107878725
0.00010787896
0.000107879195
0.00010787942999999999
0.00010787966499999999
0.00010787989999999998
0.00010788013499999998
0.00010788036999999998
0.00010788060499999997
0.00010788083999999997
0.00010788107499999996
0.00010788130999999996
0.00010788154499999996
0.00010788177999999995
0.00010788201499999995
0.00010788224999999994
0.00010788248499999994
0.00010788271999999994
0.00010788295499999993
0.00010788318999999993
0.00010788342499999992
0.00010842677499999992
0.00010888246999999992
0.00010938527999999992
0.00010968159499999992
0.00010968182999999992
0.00010983432499999991
0.00010991399999999991
0.0001099142349999999
0.0001099144699999999
0.0001099147049999999
0.0001099149399999999
0.00010991517499999989
0.00011040349499999989
0.00011060564999999989
0.00011060588499999988
0.00011060611999999988
0.00011060635499999987
0.00011064089499999988
0.00011065568999999988
0.00011065592499999987
0.00011065615999999987
0.00011065639499999986
0.00011065662999999986
0.00011072459999999986
0.00011076115499999986
0.00011076138999999986
0.00011076162499999985
0.00011076185999999985
0.00011076209499999985
0.00011076232999999984
0.00011076256499999984
0.00011076279999999983
0.00011076303499999983
0.00011076326999999983
0.00011076350499999982
0.00011076373999999982
0.00011076397499999981
0.00011076420999999981
0.0001107644449999998
0.0001109341149999998
0.00011102106999999981
0.00011103850999999981
0.0001110461049999998
0.0001110463399999998
0.0001110637799999998
0.0001116093949999998
0.0001118625099999998
0.0001118627449999998
0.00011186297999999979
0.0001119227749999998
0.00011195204999999979
0.00011195228499999978
0.00011207057999999979
0.00011213585499999979
0.00011213608999999979
0.00011213632499999978
0.00011213655999999978
0.00011213679499999978
0.00011213702999999977
0.00011213726499999977
0.00011213749999999976
0.00011213773499999976
0.00011213796999999976
0.00011213820499999975
0.00011213843999999975
0.00011223153499999975
0.00011228240999999975
0.00011228264499999975
0.00011228287999999974
0.00011228311499999974
0.00011228334999999974
0.00011228358499999973
0.00011228381999999973
0.00011228405499999972
0.00011228428999999972
0.00011228452499999972
0.00011228475999999971
0.00011228499499999971
0.0001122852299999997
0.0001122854649999997
0.0001122856999999997
0.00011228593499999969
0.00011228616999999969
0.00011228640499999968
0.00011228663999999968
0.00011228687499999968
0.00011228710999999967
0.00011228734499999967
0.00011228757999999967
0.00011228781499999966
0.00011228804999999966
0.00011228828499999965
0.00011228851999999965
0.00011228875499999965
0.00011228898999999964
0.00011228922499999964
0.00011228945999999963
0.00011228969499999963
0.00011228992999999963
0.00011229016499999962
0.00011229039999999962
0.00011230783999999962
0.00011231543499999961
0.00011231566999999961
0.00011231590499999961
0.0001123161399999996
0.0001123163749999996
0.0001123166099999996
0.00011231684499999959
0.00011231707999999959
0.00011231731499999958
0.00011231754999999958
0.00011231778499999958
0.00011231801999999957
0.00011231825499999957
0.00011231848999999956
0.00011231872499999956
0.00011231895999999956
0.00011231919499999955
0.00011231942999999955
0.00011231966499999954
0.00011231989999999954
0.00011232013499999954
0.00011232036999999953
0.00011232060499999953
0.00011232083999999953
0.00011232107499999952
0.00011232130999999952
0.00011232154499999951
0.00011232177999999951
0.0001123220149999995
0.0001123222499999995
0.0001123909899999995
0.0001124201849999995
0.0001124204199999995
0.0001124206549999995
0.00011242088999999949
0.00011242112499999949
0.00011242135999999948
0.00011242159499999948
0.00011243910999999948
0.00011244678499999948
0.00011244701999999948
0.00011244725499999947
0.00011244748999999947
0.00011244772499999946
0.00011244795999999946
0.00011244819499999946
0.00011244842999999945
0.00011244866499999945
0.00011244889999999944
0.00011244913499999944
0.00011244936999999944
0.00011244960499999943
0.00011244983999999943
0.00011245007499999942
0.00011245030999999942
0.00011246774999999942
0.00011247534499999942
0.00011247557999999941
0.00011247581499999941
0.0001124760499999994
0.0001124762849999994
0.0001124765199999994
0.0001124767549999994
0.00011247698999999939
0.00011247722499999939
0.00011254596499999938
0.00011257515999999939
0.00011257539499999938
0.00011257562999999938
0.00011257586499999937
0.00011257609999999937
0.00011257633499999937
0.00011257656999999936
0.00011257680499999936
0.00011257703999999936
0.00011257727499999935
0.00011257750999999935
0.00011257774499999934
0.00011257797999999934
0.00011257821499999934
0.00011257844999999933
0.00011257868499999933
0.00011257891999999932
0.00011257915499999932
0.00011257938999999932
0.00011262215999999931
0.00011264431499999931
0.00011264454999999931
0.0001126447849999993
0.0001126450199999993
0.0001126452549999993
0.00011264548999999929
0.00011273955999999929
0.00011278331499999929
0.00011278354999999929
0.00011278378499999928
0.00011278401999999928
0.00011339025499999928
0.00011370048999999927
0.00011370072499999927
0.00011370095999999927
0.00011370119499999926
0.00011370142999999926
0.00011370166499999925
0.00011370189999999925
0.00011370213499999925
0.00011370236999999924
0.00011370260499999924
0.00011370283999999924
0.00011370307499999923
0.00011370330999999923
0.00011370354499999922
0.00011370377999999922
0.00011370401499999922
0.00011370424999999921
0.00011370448499999921
0.0001137047199999992
0.0001137049549999992
0.0001137565949999992
0.0001137785899999992
0.00011377882499999919
0.00011377905999999919
0.00011377929499999918
0.00011377952999999918
0.00011377976499999918
0.00011377999999999917
0.00011378023499999917
0.00011379767499999917
0.00011380526999999916
0.00011380550499999916
0.00011380573999999916
0.00011380597499999915
0.00011380620999999915
0.00011380644499999914
0.00011380667999999914
0.00011380691499999914
0.00011380714999999913
0.00011380738499999913
0.00011380761999999913
0.00011463811999999912
0.00011498443499999912
0.00011498466999999912
0.00011498490499999912
0.00011498513999999911
0.00011503677999999911
0.0001151066799999991
0.00011514323499999911
0.0001151434699999991
0.0001151437049999991
0.0001151439399999991
0.00011514417499999909
0.00011514440999999909
0.00011514464499999908
0.00011514487999999908
0.00011514511499999908
0.00011514534999999907
0.00011523934499999907
0.00011528301999999907
0.00011528325499999906
0.00011528348999999906
0.00011528372499999906
0.00011528395999999905
0.00011528419499999905
0.00011528442999999904
0.00011528466499999904
0.00011528489999999904
0.00011528513499999903
0.00011528536999999903
0.00011528560499999902
0.00011528583999999902
0.00011528607499999902
0.00011528630999999901
0.00011528654499999901
0.000115286779999999
0.000115287014999999
0.000115287249999999
0.00011528748499999899
0.00011528771999999899
0.00011528795499999899
0.00011528818999999898
0.00011528842499999898
0.00011542381999999898
0.00011549629499999898
0.00011556503499999897
0.00011559422999999898
0.00011559446499999897
0.00011559469999999897
0.00011559493499999897
0.00011559516999999896
0.00011559540499999896
0.00011559563999999895
0.00011559587499999895
0.00011559610999999895
0.00011559634499999894
0.00011559657999999894
0.00011559681499999893
0.00011559704999999893
0.00011559728499999893
0.00011559751999999892
0.00011559775499999892
0.00011559798999999892
0.00011559822499999891
0.00011559845999999891
0.0001155986949999989
0.0001155989299999989
0.0001155991649999989
0.00011559939999999889
0.00011559963499999889
0.00011559986999999888
0.00011560010499999888
0.00011560033999999888
0.00011560057499999887
0.00011560080999999887
0.00011560104499999886
0.00011560127999999886
0.00011560151499999886
0.00011560174999999885
0.00011560198499999885
0.00011560221999999885
0.00011560245499999884
0.00011560268999999884
0.00011560292499999883
0.00011560315999999883
0.00011560339499999883
0.00011560362999999882
0.00011560386499999882
0.00011560409999999881
0.00011560433499999881
0.0001156045699999988
0.0001156048049999988
0.0001156050399999988
0.0001156052749999988
0.00011560550999999879
0.00011560574499999879
0.00011560597999999878
0.00011560621499999878
0.00011560644999999878
0.00011560668499999877
0.00011560691999999877
0.00011560715499999876
0.00011560738999999876
0.00011560762499999876
0.00011560785999999875
0.00011560809499999875
0.00011560832999999874
0.00011560856499999874
0.00011560879999999874
0.00011560903499999873
0.00011560926999999873
0.00011560950499999872
0.00011560973999999872
0.00011574520999999872
0.00011581776499999872
0.00011581799999999872
0.00011593719499999872
0.00011599526999999872
0.00011599550499999872
0.00011599573999999871
0.00011599597499999871
0.0001159962099999987
0.0001159964449999987
0.0001159966799999987
0.0001159969149999987
0.00011599714999999869
0.00011599738499999869
0.00011599761999999868
0.00011599785499999868
0.00011599808999999867
0.00011599832499999867
0.00011599855999999867
0.00011599879499999866
0.00011599902999999866
0.00011599926499999865
0.00011599949999999865
0.00011599973499999865
0.00011599996999999864
0.00011600020499999864
0.00011600043999999864
0.00011600067499999863
0.00011600090999999863
0.00011600114499999862
0.00011600137999999862
0.00011600161499999862
0.00011600184999999861
0.00011600208499999861
0.0001160023199999986
0.0001160025549999986
0.0001160027899999986
0.00011600302499999859
0.00011600325999999859
0.00011600349499999858
0.00011600372999999858
0.00011600396499999858
0.00011600419999999857
0.00011600443499999857
0.00011600466999999857
0.00011600490499999856
0.00011600513999999856
0.00011600537499999855
0.00011600560999999855
0.00011600584499999855
0.00011600607999999854
0.00011600631499999854
0.00011600654999999853
0.00011600678499999853
0.00011600701999999853
0.00011600725499999852
0.00011600748999999852
0.00011600772499999851
0.00011600795999999851
0.00011600819499999851
0.0001160084299999985
0.0001160511249999985
0.00011607319999999851
0.0001160734349999985
0.0001160736699999985
0.0001160739049999985
0.00011607413999999849
0.00011607437499999849
0.00011609181499999849
0.00011609940999999848
0.00011609964499999848
0.00011609987999999848
0.00011610011499999847
0.00011610034999999847
0.00011610058499999847
0.00011610081999999846
0.00011610105499999846
0.00011610128999999845
0.00011610152499999845
0.00011610175999999845
0.00011610199499999844
0.00011610222999999844
0.00011610246499999843
0.00011610269999999843
0.00011613723999999843
0.00011615203499999843
0.00011615226999999843
0.00011615250499999842
0.00011615273999999842
0.00011615297499999842
0.00011615320999999841
0.00011615344499999841
0.0001161536799999984
0.0001161539149999984
0.0001161541499999984
0.0001162228899999984
0.0001162520849999984
0.0001162523199999984
0.00011625255499999839
0.00011625278999999839
0.00011625302499999838
0.00011625325999999838
0.00011625349499999837
0.00011625372999999837
0.00011625396499999837
0.00011625419999999836
0.00011625443499999836
0.00011625466999999835
0.00011625490499999835
0.00011625513999999835
0.00011664265999999835
0.00011678721499999835
0.00011678744999999834
0.00011678768499999834
0.00011717520499999834
0.00011731975999999834
0.00011731999499999833
0.00011736276499999833
0.00011762765499999834
0.00011779444999999834
0.00011779468499999834
0.00011779491999999833
0.00011779515499999833
0.00011779538999999833
0.00011779562499999832
0.00011779585999999832
0.00011862635999999832
0.00011897267499999832
0.00011897290999999831
0.00011897314499999831
0.0001189733799999983
0.0001189736149999983
0.0001189738499999983
0.0001189740849999983
0.00011897431999999829
0.00011897455499999829
0.00011897478999999828
0.00011897502499999828
0.00011897525999999828
0.00011897549499999827
0.00011897572999999827
0.00011897596499999826
0.00011946428499999826
0.00011966643999999826
0.00011966667499999825
0.00011966690999999825
0.00011966714499999825
0.00011966737999999824
0.00011966761499999824
0.00011966784999999823
0.00011966808499999823
0.00011966831999999823
0.00011966855499999822
0.00011966878999999822
0.00011966902499999822
0.00011966925999999821
0.00011966949499999821
0.0001196697299999982
0.0001196699649999982
0.0001196701999999982
0.00011967043499999819
0.00011967066999999819
0.00011973863999999819
0.00011977519499999819
0.00011977542999999818
0.00011977566499999818
0.00011977589999999818
0.00012023901999999817
0.00012042677499999817
0.00012042700999999816
0.00012042724499999816
0.00012042747999999815
0.00012042771499999815
0.00012042794999999815
0.00012042818499999814
0.00012042841999999814
0.00012042865499999813
0.00012042888999999813
0.00012042912499999813
0.00012042935999999812
0.00012042959499999812
0.00012042982999999812
0.00012043006499999811
0.00012043029999999811
0.0001204305349999981
0.0001204307699999981
0.0001204310049999981
0.00012043123999999809
0.00012126173999999809
0.00012160805499999809
0.00012160828999999809
0.00012160852499999808
0.00012160875999999808
0.00012160899499999808
0.00012160922999999807
0.00012160946499999807
0.00012171163499999807
0.00012176258999999807
0.00012176282499999806
0.00012176305999999806
0.00012176329499999806
0.00012176352999999805
0.00012176376499999805
0.00012176399999999804
0.00012176423499999804
0.00012176446999999804
0.00012176470499999803
0.00012176493999999803
0.00012176517499999802
0.00012176540999999802
0.00012176564499999802
0.00012176587999999801
0.00012176611499999801
0.000121766349999998
0.000121766584999998
0.000121766819999998
0.00012264687499999799
0.00012302926999999798
0.00012302950499999799
0.000123029739999998
0.000123029974999998
0.00012303020999999802
0.00012303044499999802
0.00012303067999999803
0.00012304811999999803
0.00012307751999999803
0.00012309247499999804
0.00012309270999999805
0.00012309294499999806
0.00012309317999999807
0.00012309341499999808
0.0001230936499999981
0.0001230938849999981
0.0001235570049999981
0.00012374475999999811
0.00012377929999999812
0.00012467979499999811
0.00012507706999999812
0.00012507730499999813
0.00012511184499999813
0.00012512663999999813
0.00012512687499999814
0.00012512710999999815
0.00012512734499999816
0.00012512757999999817
0.00012516211999999817
0.00012517691499999817
0.00012517714999999818
0.0001251773849999982
0.0001251776199999982
0.0001251778549999982
0.00012517808999999822
0.00012517832499999823
0.00012517855999999824
0.00012517879499999825
0.00012517902999999826
0.00012517926499999827
0.00012521380499999827
0.00012522859999999827
0.00012522883499999828
0.0001252290699999983
0.0001252293049999983
0.0001252295399999983
0.00012522977499999832
0.00012526431499999832
0.00012527910999999832
0.00012527934499999833
0.00012527957999999834
0.00012527981499999835
0.00012528004999999836
0.00012528028499999837
0.00012528051999999838
0.00012528075499999839
0.0001252809899999984
0.0001252812249999984
0.00012528145999999841
0.00012528169499999842
0.00012528192999999843
0.00012577024999999844
0.00012716706499999844
0.00012827777999999845
0.00012876609999999846
0.00012896825499999847
0.00012896848999999848
0.0001289687249999985
0.0001289689599999985
0.0001294708549999985
0.0001296802899999985
0.00012968052499999852
0.00012968075999999853
0.00012968099499999854
0.00012968122999999855
0.00013070978499999856
0.00013120017999999857
0.00013120041499999858
0.00013120064999999859
0.0001312008849999986
0.0001312011199999986
0.00013120135499999862
0.00013120158999999862
0.00013120182499999863
0.00013120205999999864
0.00013120229499999865
0.00013203279499999867
0.00013237910999999865
0.00013237934499999866
0.00013237957999999867
0.00013237981499999868
0.0001323800499999987
0.0001324821449999987
0.0001325330199999987
0.0001325332549999987
0.00013253348999999872
0.00013253372499999873
0.00013253395999999874
0.00013253419499999875
0.00013253442999999876
0.00013253466499999877
0.00013253489999999878
0.00013256943999999878
0.00013258423499999878
0.0001326358749999988
0.00013265786999999877
0.00013265810499999878
0.0001326583399999988
0.0001326585749999988
0.0001326588099999988
0.00013265904499999882
0.00013265927999999883
0.00013265951499999884
0.00013265974999999885
0.00013265998499999886
0.00013266021999999887
0.00013349071999999888
0.00013383703499999887
0.00013383726999999888
0.0001338375049999989
0.0001338377399999989
0.0001343260599999989
0.00013452821499999892
0.00013452844999999893
0.00013476921999999893
0.00013490657499999893
0.00013490680999999894
0.00013490704499999895
0.00013490727999999896
0.00013494997499999896
0.00013497204999999895
0.00013497228499999896
0.00013500682499999897
0.00013502161999999897
0.00013507325999999897
0.00013509525499999896
0.00013509548999999897
0.00013509572499999898
0.000135095959999999
0.000135096194999999
0.000135096429999999
0.00013509666499999902
0.00013509689999999903
0.00013509713499999904
0.00013513167499999904
0.00013514646999999904
0.00013519810999999905
0.00013522010499999903
0.00013522033999999904
0.00013522057499999905
0.00013522080999999906
0.00013522104499999907
0.00013522127999999908
0.0001352215149999991
0.0001352217499999991
0.0001352219849999991
0.00013522221999999912
0.00013522245499999913
0.00013522268999999914
0.00013522292499999915
0.00013522315999999916
0.00013522339499999917
0.00013522362999999918
0.0001352238649999992
0.0001352240999999992
0.0001352243349999992
0.0001352418499999992
0.0001352495249999992
0.0001352497599999992
0.00013524999499999921
0.00013525022999999922
0.00013525046499999923
0.00013525069999999924
0.00013531943999999925
0.00013534863499999926
0.00013534886999999927
0.00013534910499999928
0.00013534933999999929
0.0001353495749999993
0.0001353498099999993
0.0001353843499999993
0.0001353991449999993
0.00013588746499999932
0.00013608961999999933
0.00013608985499999934
0.00013609008999999935
0.00013657840999999936
0.00013678056499999937
0.00013678079999999938
0.0001367810349999994
0.0001367812699999994
0.0001367815049999994
0.00013678173999999942
0.00013678197499999943
0.00013678220999999944
0.00013678244499999945
0.00013678267999999946
0.00013678291499999947
0.00013678314999999948
0.00013678338499999949
0.0001367836199999995
0.0001367838549999995
0.00013678408999999952
0.00013678432499999952
0.00013678455999999953
0.00013678479499999954
0.00013681933499999955
0.00013683412999999955
0.00013693622499999955
0.00013698709999999955
0.00013698733499999956
0.00013698756999999957
0.00013698780499999958
0.0001369880399999996
0.0001369882749999996
0.0001370228149999996
0.0001370376099999996
0.0001370892499999996
0.00013715914999999962
0.00013719570499999963
0.00013719593999999964
0.00013719617499999965
0.00013719640999999965
0.00013719664499999966
0.00013719687999999967
0.00013719711499999968
0.0001371973499999997
0.0001371975849999997
0.0001373078549999997
0.0001374194149999997
0.0001374849299999997
0.0001374851649999997
0.00013748539999999972
0.00013748563499999973
0.00013748586999999974
0.00013748610499999975
0.00013753774499999976
0.00013760764499999977
0.00013764419999999977
0.00013764443499999978
0.0001376446699999998
0.0001376449049999998
0.0001376451399999998
0.00013764537499999982
0.00013764560999999983
0.00013764584499999984
0.00013764607999999985
0.00013764631499999986
0.00013764654999999987
0.00013764678499999988
0.00013764701999999988
0.0001376472549999999
0.0001376474899999999
0.00013764772499999991
0.00013764795999999992
0.00013764819499999993
0.00013764842999999994
0.00013764866499999995
0.00013764889999999996
0.00013764913499999997
0.00013764936999999998
0.000137649605
0.00013764984
0.000137650075
0.00013848057500000002
0.00013882689
0.00013882712500000002
0.00013882736000000003
0.00013882759500000004
0.00013882783000000005
0.00013882806500000006
0.00013882830000000007
0.00013882853500000008
0.0001388287700000001
0.0001388290050000001
0.0001388292400000001
0.00013882947500000012
0.00013882971000000013
0.00013882994500000014
0.00013883018000000015
0.00013883041500000016
0.00013883065000000016
0.00013883088500000017
0.00013883112000000018
0.0001388313550000002
0.0001388315900000002
0.0001388318250000002
0.00013883206000000022
0.00013883229500000023
0.00013883253000000024
0.00013883276500000025
0.00013883300000000026
0.00013886754000000027
0.00013894284000000027
0.00013897939500000028
0.0001389796300000003
0.0001389798650000003
0.0001389801000000003
0.00013898033500000032
0.00013898057000000033
0.00013898080500000034
0.00013898104000000034
0.00013898127500000035
0.00013898151000000036
0.00013898174500000037
0.00013898198000000038
0.0001389822150000004
0.0001389824500000004
0.0001389826850000004
0.00013898292000000042
0.00013898315500000043
0.00013898339000000044
0.00013898362500000045
0.00013898386000000046
0.00013898409500000047
0.00013898433000000048
0.0001389845650000005
0.0001389848000000005
0.0001389850350000005
0.00013898527000000052
0.00013944839000000053
0.00013963614500000053
0.00013963638000000054
0.00013963661500000055
0.00013963685000000056
0.00013963708500000057
0.00013963732000000058
0.0001396375550000006
0.0001397396500000006
0.0001397905250000006
0.0001399097200000006
0.0001399677950000006
0.0001399680300000006
0.00013996826500000062
0.00013996850000000063
0.00013996873500000064
0.00013996897000000065
0.00013996920500000066
0.00014047110000000066
0.00014068053500000067
0.00014068077000000068
0.0001406810050000007
0.0001406812400000007
0.0001406814750000007
0.00014068171000000072
0.00014068194500000073
0.00014195976000000072
0.00014265895500000073
0.00014265919000000074
0.00014265942500000075
0.00014265966000000076
0.00014265989500000076
0.00014368845000000077
0.00014417884500000079
0.0001441790800000008
0.0001441793150000008
0.00014424813000000081
0.00014427740500000082
0.00014427764000000083
0.00014427787500000084
0.00014427811000000085
0.00014427834500000086
0.00014427858000000087
0.00014427881500000088
0.0001442790500000009
0.0001447673700000009
0.0001449695250000009
0.00014496976000000092
0.00014496999500000093
0.00014497023000000094
0.00014545855000000095
0.00014566070500000096
0.00014566094000000097
0.00014566117500000098
0.000145661410000001
0.000145661645000001
0.000145661880000001
0.00014566211500000102
0.00014566235000000103
0.00014566258500000104
0.00014566282000000105
0.00014566305500000106
0.00014566329000000107
0.00014566352500000108
0.0001456637600000011
0.0001457658550000011
0.0001458167300000011
0.0001458169650000011
0.00014581720000000112
0.00014581743500000112
0.00014588625000000113
0.00014591552500000114
0.00014685865500000113
0.00014728433000000114
0.00014735307000000115
0.00014738226500000116
0.00014738250000000117
0.00014738273500000118
0.00014738297000000119
0.0001473832050000012
0.0001473834400000012
0.00014738367500000121
0.00014745157000000121
0.0001474880450000012
0.00014748828000000122
0.00014748851500000123
0.00014748875000000124
0.00014748898500000125
0.00014748922000000126
0.00014748945500000127
0.00014748969000000128
0.0001474899250000013
0.0001474901600000013
0.0001474903950000013
0.00014749063000000132
0.00014749086500000133
0.00014755960500000134
0.00014758880000000134
0.00014758903500000135
0.00014758927000000136
0.00014758950500000137
0.00014758974000000138
0.0001475899750000014
0.0001475902100000014
0.0001475904450000014
0.00014759068000000142
0.00014759091500000143
0.00014759115000000144
0.00014759138500000145
0.00014759162000000146
0.00014769371500000146
0.00014774459000000146
0.00014785486000000147
0.00014791301500000146
0.00014791325000000147
0.00014791348500000148
0.0001479137200000015
0.0001479139550000015
0.0001479141900000015
0.00014791442500000152
0.00014791466000000153
0.00014798263000000153
0.00014801918500000153
0.00014801942000000154
0.00014815481500000155
0.00014822729000000154
0.00014822752500000155
0.00014824496500000155
0.00014832574000000156
0.00014836237500000156
0.00014836261000000157
0.00014836284500000158
0.0001483630800000016
0.0001483633150000016
0.0001483635500000016
0.00014836378500000162
0.00014836402000000163
0.00014836425500000164
0.00014836449000000165
0.00014847468500000166
0.00014853276000000165
0.00014853299500000166
0.00014853323000000167
0.00014937730500000167
0.00014973090000000168
0.0001497311350000017
0.0001497313700000017
0.0001497316050000017
0.00014973184000000172
0.00014973207500000173
0.00014973231000000174
0.00014973254500000175
0.00014973278000000176
0.00014973301500000177
0.00014973325000000178
0.0001497334850000018
0.0001497337200000018
0.0001497339550000018
0.00014973419000000182
0.00014973442500000183
0.00014973466000000184
0.00014973489500000184
0.00014973513000000185
0.00014973536500000186
0.00014973560000000187
0.00014973583500000188
0.0001497360700000019
0.0001497363050000019
0.0001497365400000019
0.00014973677500000192
0.00014973701000000193
0.00014973724500000194
0.00014973748000000195
0.00014973771500000196
0.00014973795000000197
0.00014978959000000198
0.00014981158500000196
0.00014981182000000197
0.00014981205500000198
0.000149812290000002
0.000149812525000002
0.000149812760000002
0.00014981299500000202
0.00014981323000000203
0.00014981346500000204
0.00014981370000000205
0.00014981393500000206
0.00014988267500000207
0.00014991187000000208
0.00014991210500000208
0.0001499123400000021
0.0001499125750000021
0.00014991281000000211
0.00014991304500000212
0.00014991328000000213
0.00014991351500000214
0.00014991375000000215
0.00014991398500000216
0.00014999905500000216
0.00015004281000000215
0.00015004304500000216
0.00015134880000000216
0.00015204079500000215
0.00015204103000000216
0.00015204126500000217
0.00015204150000000218
0.0001520417350000022
0.0001520419700000022
0.0001520422050000022
0.0001520767450000022
0.0001520915400000022
0.00015220173500000221
0.0001522598100000022
0.0001523115250000022
0.0001523336000000022
0.0001528354950000022
0.0001530449300000022
0.00015311367000000222
0.00015314286500000223
0.00015320266000000223
0.00015323193500000224
0.00015323217000000225
0.00015323240500000226
0.00015323264000000227
0.00015323287500000228
0.00015323311000000229
0.0001532333450000023
0.0001532335800000023
0.00015323381500000231
0.00015323405000000232
0.00015323428500000233
0.00015323452000000234
0.00015323475500000235
0.00015323499000000236
0.00015323522500000237
0.00015323546000000238
0.0001532356950000024
0.0001532359300000024
0.0001532361650000024
0.00015323640000000242
0.00015323663500000243
0.00015323687000000244
0.00015323710500000245
0.00015323734000000246
0.00015323757500000247
0.00015323781000000248
0.0001532380450000025
0.0001532382800000025
0.0001532385150000025
0.00015323875000000252
0.00015323898500000253
0.00015323922000000254
0.00015323945500000255
0.00015323969000000256
0.00015323992500000257
0.00015324016000000258
0.00015327470000000258
0.00015328949500000258
0.0001532897300000026
0.0001532899650000026
0.0001532902000000026
0.00015329043500000262
0.00015329067000000263
0.00015329090500000264
0.00015329114000000265
0.00015329137500000266
0.00015329161000000266
0.00015329184500000267
0.00015329208000000268
0.0001532923150000027
0.0001532925500000027
0.0001532927850000027
0.00015329302000000272
0.00015329325500000273
0.00015329349000000274
0.00015329372500000275
0.00015329396000000276
0.00015329419500000277
0.00015329443000000278
0.0001532946650000028
0.0001532949000000028
0.0001532951350000028
0.00015329537000000282
0.00015329560500000283
0.00015329584000000284
0.00015329607500000285
0.00015329631000000286
0.00015329654500000287
0.00015329678000000288
0.0001532970150000029
0.0001532972500000029
0.0001532974850000029
0.00015329772000000292
0.00015329795500000293
0.00015329819000000294
0.00015329842500000295
0.00015329866000000295
0.00015329889500000296
0.00015329913000000297
0.00015329936500000298
0.000153299600000003
0.000153299835000003
0.000153300070000003
0.00015330030500000302
0.00015330054000000303
0.00015333508000000304
0.00015334987500000303
0.00015335011000000304
0.00015335034500000305
0.00015335058000000306
0.00015335081500000307
0.00015335105000000308
0.0001533512850000031
0.0001533515200000031
0.0001533517550000031
0.00015335199000000312
0.00015335222500000313
0.00015335246000000314
0.00015335269500000315
0.00015335293000000316
0.00015392496500000316
0.00015422080000000317
0.00015422103500000318
0.0001542212700000032
0.0001542215050000032
0.0001542217400000032
0.0001543149100000032
0.00015436586500000321
0.00015436610000000322
0.00015436633500000323
0.00015436657000000324
0.00015436680500000325
0.00015436704000000326
0.00015436727500000327
0.00015436751000000328
0.0001543677450000033
0.0001543679800000033
0.0001543682150000033
0.00015436845000000332
0.00015436868500000333
0.00015436892000000334
0.00015436915500000335
0.00015442902500000335
0.00015461374000000336
0.00015473005500000336
0.00015473029000000337
0.00015473052500000338
0.00015476506500000339
0.00015477986000000338
0.0001547800950000034
0.0001547803300000034
0.0001547805650000034
0.00015478080000000342
0.00015478103500000343
0.00015484977500000344
0.00015487897000000345
0.00015487920500000346
0.00015487944000000347
0.00015493115500000347
0.00015495323000000346
0.00015495346500000347
0.00015495370000000348
0.0001549539350000035
0.0001549541700000035
0.0001549544050000035
0.00015495464000000352
0.00015495487500000353
0.00015495511000000354
0.00015495534500000355
0.00015495558000000356
0.00015495581500000357
0.00015495605000000358
0.0001549562850000036
0.0001549565200000036
0.0001549567550000036
0.00015495699000000362
0.00015495722500000363
0.00015495746000000364
0.00015501733000000364
0.00015504668500000362
0.00015516588000000364
0.00015522395500000363
0.00015522419000000364
0.00015522442500000364
0.00015522466000000365
0.00015522489500000366
0.00015522513000000367
0.00015522536500000368
0.0001552256000000037
0.0001552258350000037
0.0001552260700000037
0.00015522630500000372
0.00015522654000000373
0.00015522677500000374
0.00015522701000000375
0.00015522724500000376
0.00015522748000000377
0.00015522771500000378
0.0001552279500000038
0.0001552281850000038
0.0001552627250000038
0.0001552775200000038
0.0001552777550000038
0.00015527799000000382
0.00015527822500000383
0.00015527846000000384
0.00015527869500000385
0.00015534743500000386
0.00015537663000000386
0.00015537686500000387
0.00015537710000000388
0.0001553773350000039
0.0001553775700000039
0.0001553778050000039
0.00015537804000000392
0.00015537827500000393
0.00015537851000000394
0.00015537874500000395
0.00015537898000000396
0.00015537921500000397
0.00015537945000000398
0.000155379685000004
0.000155379920000004
0.000155380155000004
0.00015538039000000402
0.00015538062500000403
0.00015538086000000404
0.00015538109500000405
0.00015538133000000406
0.00015538156500000407
0.00015538180000000408
0.00015544159500000408
0.0001554708700000041
0.0001555396100000041
0.0001555688050000041
0.0001555690400000041
0.00015556927500000412
0.00015556951000000413
0.00015556974500000414
0.00015556998000000415
0.00015557021500000416
0.00015557045000000417
0.00015557068500000418
0.0001555709200000042
0.0001555711550000042
0.0001555713900000042
0.00015557162500000422
0.00015557186000000423
0.00015557209500000424
0.00015560663500000424
0.00015562143000000424
0.00015565597000000424
0.00015567076500000424
0.00015567100000000425
0.00015567123500000426
0.00015567147000000427
0.00015567170500000428
0.0001556719400000043
0.0001556721750000043
0.0001556724100000043
0.00015567264500000432
0.00015567288000000433
0.00015567311500000434
0.00015579231000000435
0.00015585038500000434
0.00015585062000000435
0.00015585085500000436
0.00015585109000000437
0.00015585132500000438
0.00015585156000000439
0.0001558517950000044
0.0001558520300000044
0.00015585226500000441
0.00015585250000000442
0.00015585273500000443
0.00015585297000000444
0.00015585320500000445
0.00015585344000000446
0.00015585367500000447
0.00015585391000000448
0.0001558541450000045