3.873000000000001e-07
5.316950000000002e-07
5.319300000000002e-07
9.194500000000004e-07
1.0640050000000005e-06
1.0815200000000005e-06
1.0891950000000006e-06
1.4767150000000006e-06
1.6212700000000007e-06
1.6215050000000006e-06
1.6217400000000005e-06
1.6219750000000005e-06
1.6222100000000004e-06
2.0233050000000005e-06
2.1751400000000004e-06
2.1753750000000003e-06
2.1756100000000002e-06
2.175845e-06
2.17608e-06
2.176315e-06
2.17655e-06
2.56407e-06
2.7086250000000003e-06
2.70886e-06
3.0963800000000004e-06
3.2409350000000005e-06
3.2411700000000004e-06
3.2414050000000004e-06
3.2416400000000003e-06
3.241875e-06
3.6293950000000004e-06
3.7739500000000005e-06
3.7741850000000004e-06
3.7744200000000004e-06
3.7746550000000003e-06
3.77489e-06
3.775125e-06
3.77536e-06
3.775595e-06
3.77583e-06
3.776065e-06
3.7762999999999997e-06
3.7765349999999997e-06
3.7767699999999996e-06
3.7770049999999995e-06
4.164525e-06
4.309079999999999e-06
4.309315e-06
4.30955e-06
4.69707e-06
4.8416249999999996e-06
5.229144999999999e-06
5.373699999999999e-06
5.373934999999999e-06
5.37417e-06
5.374405e-06
5.3746400000000004e-06
5.374875000000001e-06
5.375110000000001e-06
5.3753450000000015e-06
5.375580000000002e-06
5.375815000000002e-06
5.3760500000000025e-06
5.393565000000002e-06
5.401240000000002e-06
5.401475000000002e-06
5.401710000000003e-06
5.401945000000003e-06
5.789465000000003e-06
5.9340200000000025e-06
5.934255000000003e-06
5.934490000000003e-06
5.9347250000000036e-06
5.934960000000004e-06
5.935195000000004e-06
5.935430000000005e-06
5.935665000000005e-06
5.935900000000005e-06
5.936135000000006e-06
5.936370000000006e-06
5.936605000000006e-06
5.936840000000007e-06
5.937075000000007e-06
5.937310000000007e-06
5.937545000000008e-06
5.937780000000008e-06
5.938015000000008e-06
5.938250000000009e-06
5.938485000000009e-06
5.9387200000000094e-06
5.93895500000001e-06
5.93919000000001e-06
5.9394250000000105e-06
5.939660000000011e-06
5.939895000000011e-06
5.9401300000000115e-06
5.940365000000012e-06
5.940600000000012e-06
5.9408350000000126e-06
5.941070000000013e-06
5.941305000000013e-06
6.342400000000013e-06
6.494235000000013e-06
6.494470000000013e-06
6.494705000000014e-06
7.118980000000014e-06
7.429215000000014e-06
7.429450000000014e-06
7.429685000000014e-06
8.079160000000015e-06
8.403795000000014e-06
8.404030000000013e-06
8.404265000000013e-06
8.404500000000012e-06
8.404735000000012e-06
8.404970000000011e-06
8.405205000000011e-06
8.40544000000001e-06
8.40567500000001e-06
8.40591000000001e-06
8.406145000000009e-06
8.406380000000008e-06
8.406615000000008e-06
8.406850000000007e-06
8.407085000000007e-06
8.407320000000006e-06
8.407555000000006e-06
8.407790000000005e-06
8.408025000000005e-06
8.408260000000004e-06
8.408495000000004e-06
8.598865000000004e-06
9.284265000000005e-06
1.0678000000000005e-05
1.1551755000000005e-05
1.1551990000000005e-05
1.1552225000000004e-05
1.1552460000000004e-05
1.1552695000000003e-05
1.1612490000000004e-05
1.1641765000000004e-05
1.1642000000000003e-05
1.1642235000000003e-05
1.1642470000000002e-05
1.1642705000000002e-05
1.1642940000000001e-05
1.1643175e-05
1.164341e-05
1.2044505e-05
1.219634e-05
1.2196575e-05
1.2196809999999999e-05
1.2197044999999998e-05
1.2197279999999998e-05
1.2197514999999997e-05
1.2197749999999997e-05
1.2197984999999996e-05
1.2198219999999996e-05
1.2198454999999995e-05
1.2198689999999995e-05
1.2198924999999994e-05
1.2199159999999994e-05
1.2199394999999993e-05
1.2199629999999993e-05
1.2199864999999992e-05
1.2200099999999992e-05
1.2200334999999991e-05
1.220056999999999e-05
1.220080499999999e-05
1.220103999999999e-05
1.220127499999999e-05
1.2201509999999989e-05
1.2201744999999988e-05
1.2201979999999988e-05
1.2202214999999987e-05
1.2202449999999987e-05
1.2202684999999986e-05
1.2202919999999986e-05
1.2203154999999985e-05
1.2203389999999985e-05
1.2203624999999984e-05
1.2203859999999984e-05
1.2204094999999983e-05
1.2674469999999983e-05
1.2876704999999983e-05
1.2876939999999983e-05
1.2877174999999982e-05
1.3278269999999982e-05
1.3430104999999982e-05
1.4067954999999981e-05
1.438546999999998e-05
1.438570499999998e-05
1.438593999999998e-05
1.438617499999998e-05
1.4386409999999979e-05
1.4576779999999979e-05
1.4685334999999979e-05
1.4685569999999978e-05
1.4685804999999978e-05
1.4753699999999977e-05
1.4790174999999977e-05
1.4790409999999977e-05
1.4790644999999976e-05
1.4825184999999977e-05
1.4839979999999977e-05
1.4840214999999976e-05
1.4840449999999976e-05
1.4840684999999975e-05
1.4840919999999975e-05
1.4841154999999974e-05
1.4841389999999974e-05
1.4858829999999974e-05
1.4866424999999973e-05
1.4866659999999973e-05
1.4866894999999972e-05
1.4867129999999972e-05
1.4867364999999971e-05
1.4910134999999972e-05
1.4932289999999972e-05
1.4932524999999971e-05
1.493275999999997e-05
1.495019999999997e-05
1.495779499999997e-05
1.495802999999997e-05
1.495826499999997e-05
1.5026234999999969e-05
1.5062789999999968e-05
1.5063024999999967e-05
1.5063259999999967e-05
1.5080699999999967e-05
1.5088294999999967e-05
1.5088529999999966e-05
1.5088764999999966e-05
1.5123304999999966e-05
1.5138099999999966e-05
1.5138334999999966e-05
1.5138569999999965e-05
1.5138804999999965e-05
1.5139039999999964e-05
1.5139274999999964e-05
1.5139509999999963e-05
1.5156949999999963e-05
1.5164544999999963e-05
1.5164779999999962e-05
1.5165014999999962e-05
1.5165249999999961e-05
1.516548499999996e-05
1.5208254999999961e-05
1.523040999999996e-05
1.523064499999996e-05
1.523087999999996e-05
1.524831999999996e-05
1.525591499999996e-05
1.5256149999999959e-05
1.5256384999999958e-05
1.5324354999999958e-05
1.5360909999999957e-05
1.5361144999999957e-05
1.5361379999999956e-05
1.5378819999999957e-05
1.5386414999999956e-05
1.5386649999999955e-05
1.5386884999999955e-05
1.5421424999999955e-05
1.5436219999999957e-05
1.5436454999999957e-05
1.5436689999999956e-05
1.5436924999999956e-05
1.5437159999999955e-05
1.5437394999999955e-05
1.5437629999999954e-05
1.5437864999999954e-05
1.5480634999999954e-05
1.5502789999999955e-05
1.5503024999999955e-05
1.5520464999999955e-05
1.5528059999999954e-05
1.5545499999999955e-05
1.5553094999999954e-05
1.5553329999999954e-05
1.5553564999999953e-05
1.5571004999999953e-05
1.5578599999999953e-05
1.5578834999999952e-05
1.5579069999999952e-05
1.557930499999995e-05
1.557953999999995e-05
1.557977499999995e-05
1.558000999999995e-05
1.564797999999995e-05
1.568453499999995e-05
1.568476999999995e-05
1.568500499999995e-05
1.570244499999995e-05
1.571003999999995e-05
1.571027499999995e-05
1.5710509999999948e-05
1.574504999999995e-05
1.575984499999995e-05
1.576007999999995e-05
1.576031499999995e-05
1.576054999999995e-05
1.5760784999999948e-05
1.5761019999999948e-05
1.5761254999999947e-05
1.5778694999999947e-05
1.5786289999999947e-05
1.5786524999999946e-05
1.5786759999999946e-05
1.5786994999999945e-05
1.5787229999999945e-05
1.5829999999999945e-05
1.5852154999999946e-05
1.5852389999999946e-05
1.5852624999999945e-05
1.5870064999999946e-05
1.5877659999999945e-05
1.5877894999999945e-05
1.5878129999999944e-05
1.5946099999999945e-05
1.5982654999999945e-05
1.5982889999999944e-05
1.5983124999999944e-05
1.6000564999999944e-05
1.6008159999999943e-05
1.6008394999999943e-05
1.6008629999999942e-05
1.6043169999999943e-05
1.6057964999999944e-05
1.6058199999999944e-05
1.6058434999999943e-05
1.6058669999999943e-05
1.6058904999999942e-05
1.6059139999999942e-05
1.605937499999994e-05
1.6076814999999942e-05
1.608440999999994e-05
1.608464499999994e-05
1.608487999999994e-05
1.608511499999994e-05
1.608534999999994e-05
1.612811999999994e-05
1.615027499999994e-05
1.615050999999994e-05
1.615074499999994e-05
1.616818499999994e-05
1.617577999999994e-05
1.617601499999994e-05
1.617624999999994e-05
1.624421999999994e-05
1.628077499999994e-05
1.628100999999994e-05
1.6281244999999938e-05
1.6298684999999938e-05
1.6306279999999938e-05
1.6306514999999937e-05
1.6306749999999937e-05
1.6341289999999937e-05
1.635608499999994e-05
1.6356319999999938e-05
1.6356554999999938e-05
1.6356789999999937e-05
1.6357024999999937e-05
1.6357259999999936e-05
1.6357494999999936e-05
1.6374934999999936e-05
1.6382529999999935e-05
1.6382764999999935e-05
1.6382999999999934e-05
1.6383234999999934e-05
1.6383469999999933e-05
1.6426239999999934e-05
1.6448394999999935e-05
1.6448629999999935e-05
1.6448864999999934e-05
1.6491559999999933e-05
1.6513634999999932e-05
1.651386999999993e-05
1.651410499999993e-05
1.6582074999999932e-05
1.661862999999993e-05
1.725647999999993e-05
1.757399499999993e-05
1.759143499999993e-05
1.759902999999993e-05
1.759926499999993e-05
1.759949999999993e-05
1.763403999999993e-05
1.764883499999993e-05
1.764906999999993e-05
1.764930499999993e-05
1.764953999999993e-05
1.764977499999993e-05
1.7650009999999928e-05
1.7650244999999928e-05
1.7650479999999927e-05
1.7693249999999928e-05
1.771540499999993e-05
1.771563999999993e-05
1.7715874999999928e-05
1.7716109999999928e-05
1.7733549999999928e-05
1.7741144999999927e-05
1.7741379999999927e-05
1.7741614999999926e-05
1.7759054999999926e-05
1.7766649999999926e-05
1.7766884999999925e-05
1.7767119999999925e-05
1.7767354999999924e-05
1.7767589999999924e-05
1.7767824999999923e-05
1.7768059999999923e-05
1.7768294999999922e-05
1.7768529999999922e-05
1.776876499999992e-05
1.776899999999992e-05
1.778643999999992e-05
1.779403499999992e-05
1.779426999999992e-05
1.779450499999992e-05
1.782904499999992e-05
1.784383999999992e-05
1.784407499999992e-05
1.784430999999992e-05
1.784454499999992e-05
1.784477999999992e-05
1.784501499999992e-05
1.784524999999992e-05
1.7845484999999918e-05
1.7845719999999918e-05
1.7845954999999917e-05
1.7846189999999917e-05
1.8511864999999918e-05
1.8850899999999918e-05
1.8851134999999918e-05
1.8851369999999917e-05
1.8851604999999917e-05
1.8851839999999916e-05
1.8852074999999916e-05
1.8852309999999915e-05
1.8852544999999915e-05
1.8852779999999914e-05
1.8853014999999914e-05
1.8853249999999913e-05
1.8853484999999913e-05
1.8853719999999912e-05
1.885395499999991e-05
1.885418999999991e-05
1.885442499999991e-05
1.885465999999991e-05
1.885489499999991e-05
1.885512999999991e-05
1.885536499999991e-05
1.8855599999999908e-05
1.8855834999999908e-05
1.8856069999999907e-05
1.8856304999999907e-05
1.8856539999999906e-05
1.8856774999999906e-05
1.8857009999999905e-05
1.8857244999999905e-05
1.8857479999999904e-05
1.8857714999999904e-05
1.8857949999999903e-05
1.8858184999999903e-05
1.8858419999999902e-05
1.88586549999999e-05
1.88588899999999e-05
1.88591249999999e-05
1.88593599999999e-05
1.88595949999999e-05
1.88598299999999e-05
1.88600649999999e-05
1.8860299999999898e-05
1.8860534999999898e-05
1.8860769999999897e-05
1.8861004999999897e-05
1.8861239999999896e-05
1.8861474999999896e-05
1.8861709999999895e-05
1.8861944999999895e-05
1.8862179999999894e-05
1.8862414999999894e-05
1.8862649999999893e-05
1.8862884999999892e-05
1.8863119999999892e-05
1.886335499999989e-05
1.886358999999989e-05
1.886382499999989e-05
1.886405999999989e-05
1.886429499999989e-05
1.886452999999989e-05
1.886476499999989e-05
1.8864999999999888e-05
1.8865234999999887e-05
1.8865469999999887e-05
1.9333219999999886e-05
1.9528334999999885e-05
2.0191384999999885e-05
2.0523299999999885e-05
2.0523534999999885e-05
2.0523769999999884e-05
2.0524004999999884e-05
2.1161854999999883e-05
2.1479369999999882e-05
2.1479604999999882e-05
2.147983999999988e-05
2.148007499999988e-05
2.2145749999999882e-05
2.2484784999999882e-05
2.2485019999999882e-05
2.248525499999988e-05
2.248548999999988e-05
2.248572499999988e-05
2.248595999999988e-05
2.248619499999988e-05
2.287371499999988e-05
2.301826999999988e-05
2.3018504999999878e-05
2.3018739999999878e-05
2.3018974999999877e-05
2.3019209999999877e-05
2.3019444999999876e-05
2.3019679999999876e-05
2.3019914999999875e-05
2.3020149999999875e-05
2.3020384999999874e-05
2.3686059999999875e-05
2.4025094999999876e-05
2.4025329999999875e-05
2.4438049999999877e-05
2.4597004999999877e-05
2.499809999999988e-05
2.514993499999988e-05
2.553745499999988e-05
2.5682009999999878e-05
2.5682244999999877e-05
2.5682479999999877e-05
2.6320329999999876e-05
2.6637844999999875e-05
2.6638079999999875e-05
2.6638314999999874e-05
2.7025834999999875e-05
2.7170389999999874e-05
2.7170624999999873e-05
2.7170859999999873e-05
2.7171094999999872e-05
2.7558614999999873e-05
2.7703169999999872e-05
2.770340499999987e-05
2.770363999999987e-05
2.770387499999987e-05
2.770410999999987e-05
2.770434499999987e-05
2.770457999999987e-05
2.770481499999987e-05
2.7705049999999868e-05
2.7705284999999867e-05
2.7705519999999867e-05
2.7705754999999866e-05
2.7705989999999866e-05
2.7706224999999865e-05
2.7706459999999865e-05
2.7706694999999864e-05
2.7706929999999864e-05
2.7707164999999863e-05
2.7707399999999863e-05
2.7707634999999862e-05
2.7707869999999862e-05
2.770810499999986e-05
2.770833999999986e-05
2.770857499999986e-05
2.791604499999986e-05
2.803179999999986e-05
2.803203499999986e-05
2.8032269999999858e-05
2.8032504999999858e-05
2.8032739999999857e-05
2.8032974999999857e-05
2.8033209999999856e-05
2.8033444999999856e-05
2.8033679999999855e-05
2.8033914999999855e-05
2.8034149999999854e-05
2.8699824999999855e-05
2.9038859999999856e-05
2.9039094999999855e-05
2.9039329999999855e-05
2.9039564999999854e-05
2.9039799999999854e-05
2.9040034999999853e-05
2.9040269999999853e-05
2.9040504999999852e-05
2.904073999999985e-05
2.904097499999985e-05
2.904120999999985e-05
2.904144499999985e-05
2.904167999999985e-05
2.904191499999985e-05
2.904214999999985e-05
2.9042384999999848e-05
2.9042619999999848e-05
2.9042854999999847e-05
2.9430374999999848e-05
2.9574929999999847e-05
2.9575164999999846e-05
2.9575399999999846e-05
2.9962919999999846e-05
3.0107474999999845e-05
3.0107709999999845e-05
3.0107944999999844e-05
3.0108179999999844e-05
3.0108414999999843e-05
3.0108649999999843e-05
3.0108884999999842e-05
3.010911999999984e-05
3.010935499999984e-05
3.010958999999984e-05
3.010982499999984e-05
3.011005999999984e-05
3.011029499999984e-05
3.011052999999984e-05
3.0110764999999838e-05
3.0110999999999838e-05
3.0111234999999837e-05
3.0111469999999837e-05
3.0111704999999836e-05
3.0111939999999836e-05
3.0112174999999835e-05
3.0112409999999835e-05
3.0112644999999834e-05
3.0112879999999834e-05
3.0113114999999833e-05
3.0113349999999833e-05
3.0113584999999832e-05
3.011381999999983e-05
3.011405499999983e-05
3.011428999999983e-05
3.011452499999983e-05
3.011475999999983e-05
3.011499499999983e-05
3.011522999999983e-05
3.0115464999999828e-05
3.0115699999999828e-05
3.0115934999999827e-05
3.0116169999999827e-05
3.0116404999999826e-05
3.0116639999999826e-05
3.0116874999999825e-05
3.0117109999999825e-05
3.0117344999999824e-05
3.0117579999999824e-05
3.0117814999999823e-05
3.0118049999999823e-05
3.0118284999999822e-05
3.011851999999982e-05
3.011875499999982e-05
3.011898999999982e-05
3.011922499999982e-05
3.015376499999982e-05
3.0168559999999822e-05
3.016879499999982e-05
3.016902999999982e-05
3.016926499999982e-05
3.016949999999982e-05
3.016973499999982e-05
3.016996999999982e-05
3.017020499999982e-05
3.0170439999999818e-05
3.0170674999999818e-05
3.0170909999999817e-05
3.0171144999999817e-05
3.0171379999999816e-05
3.0171614999999816e-05
3.0171849999999815e-05
3.0172084999999815e-05
3.0172319999999814e-05
3.0172554999999814e-05
3.0585274999999815e-05
3.0744229999999815e-05
3.074446499999982e-05
3.074469999999982e-05
3.0744934999999824e-05
3.074516999999983e-05
3.076260999999983e-05
3.1170369999999824e-05
3.1446249999999824e-05
3.1612884999999826e-05
3.163032499999983e-05
3.163791999999983e-05
3.163815499999983e-05
3.1638389999999835e-05
3.163862499999984e-05
3.163885999999984e-05
3.1639094999999844e-05
3.163932999999985e-05
3.163956499999985e-05
3.163979999999985e-05
3.165723999999985e-05
3.1664834999999856e-05
3.166506999999986e-05
3.166530499999986e-05
3.168274499999986e-05
3.1690339999999864e-05
3.169057499999987e-05
3.169080999999987e-05
3.169104499999987e-05
3.170848499999987e-05
3.1716079999999876e-05
3.1733519999999876e-05
3.174111499999988e-05
3.174134999999988e-05
3.1741584999999885e-05
3.174181999999989e-05
3.174205499999989e-05
3.175949499999989e-05
3.1767089999999894e-05
3.17673249999999e-05
3.17675599999999e-05
3.17677949999999e-05
3.1768029999999905e-05
3.176826499999991e-05
3.176849999999991e-05
3.1768734999999914e-05
3.176896999999992e-05
3.176920499999992e-05
3.176943999999992e-05
3.1769674999999926e-05
3.176990999999993e-05
3.177014499999993e-05
3.1770379999999934e-05
3.177061499999994e-05
3.177084999999994e-05
3.177108499999994e-05
3.1771319999999946e-05
3.177155499999995e-05
3.177178999999995e-05
3.1772024999999954e-05
3.177225999999996e-05
3.177249499999996e-05
3.177272999999996e-05
3.1772964999999966e-05
3.177319999999997e-05
3.177343499999997e-05
3.1773669999999975e-05
3.177390499999998e-05
3.177413999999998e-05
3.177437499999998e-05
3.1774609999999986e-05
3.177484499999999e-05
3.177507999999999e-05
3.1775314999999995e-05
3.177555e-05
3.1775785e-05
3.1776020000000003e-05
3.1776255000000006e-05
3.177649000000001e-05
3.177672500000001e-05
3.1776960000000015e-05
3.177719500000002e-05
3.177743000000002e-05
3.220640500000002e-05
3.237984000000002e-05
3.2380075000000024e-05
3.238031000000003e-05
3.238054500000003e-05
3.238078000000003e-05
3.2381015000000035e-05
3.238125000000004e-05
3.238148500000004e-05
3.2381720000000044e-05
3.238195500000005e-05
3.238219000000005e-05
3.238242500000005e-05
3.2382660000000056e-05
3.238289500000006e-05
3.238313000000006e-05
3.2383365000000064e-05
3.279608500000006e-05
3.295504000000006e-05
3.2955275000000065e-05
3.295551000000007e-05
3.295574500000007e-05
3.2955980000000074e-05
3.295621500000008e-05
3.295645000000008e-05
3.295668500000008e-05
3.2956920000000086e-05
3.295715500000009e-05
3.295739000000009e-05
3.2957625000000094e-05
3.29578600000001e-05
3.29580950000001e-05
3.29583300000001e-05
3.2958565000000106e-05
3.295880000000011e-05
3.295903500000011e-05
3.2959270000000114e-05
3.295950500000012e-05
3.295974000000012e-05
3.295997500000012e-05
3.334749500000012e-05
3.349205000000012e-05
3.3492285000000125e-05
3.349252000000013e-05
3.349275500000013e-05
3.3492990000000134e-05
3.349322500000014e-05
3.349346000000014e-05
3.349369500000014e-05
3.3493930000000146e-05
3.349416500000015e-05
3.349440000000015e-05
3.3494635000000154e-05
3.349487000000016e-05
3.349510500000016e-05
3.349534000000016e-05
3.3495575000000166e-05
3.349581000000017e-05
3.349604500000017e-05
3.420312000000017e-05
3.562674000000017e-05
3.652089500000017e-05
3.652113000000017e-05
3.652136500000017e-05
3.6521600000000176e-05
3.695057500000017e-05
3.7124010000000176e-05
3.712424500000018e-05
3.7511765000000176e-05
3.765632000000018e-05
3.765655500000018e-05
3.7656790000000184e-05
3.765702500000019e-05
3.765726000000019e-05
3.765749500000019e-05
3.7657730000000196e-05
3.76579650000002e-05
3.76582000000002e-05
3.7658435000000204e-05
3.765867000000021e-05
3.765890500000021e-05
3.765914000000021e-05
3.7659375000000216e-05
3.804689500000021e-05
3.8191450000000215e-05
3.819168500000022e-05
3.819192000000022e-05
3.8192155000000224e-05
3.819239000000023e-05
3.819262500000023e-05
3.819286000000023e-05
3.8193095000000235e-05
3.819333000000024e-05
3.819356500000024e-05
3.8193800000000244e-05
3.8211240000000244e-05
3.821883500000025e-05
3.821907000000025e-05
3.821930500000025e-05
3.8219540000000256e-05
3.821977500000026e-05
3.822001000000026e-05
3.8220245000000264e-05
3.8646540000000264e-05
3.8812775000000265e-05
3.881301000000027e-05
3.881324500000027e-05
3.881348000000027e-05
3.8813715000000276e-05
3.881395000000028e-05
3.881418500000028e-05
3.920170500000028e-05
3.934626000000028e-05
3.9346495000000284e-05
3.934673000000029e-05
3.934696500000029e-05
3.934720000000029e-05
3.9347435000000296e-05
3.93476700000003e-05
3.93479050000003e-05
3.9348140000000305e-05
3.97356600000003e-05
3.9880215000000304e-05
3.988045000000031e-05
3.988068500000031e-05
3.988092000000031e-05
3.9881155000000316e-05
3.988139000000032e-05
3.988162500000032e-05
3.9881860000000324e-05
3.988209500000033e-05
3.988233000000033e-05
3.988256500000033e-05
3.9882800000000336e-05
3.988303500000034e-05
4.0270555000000336e-05
4.041511000000034e-05
4.041534500000034e-05
4.0415580000000344e-05
4.041581500000035e-05
4.041605000000035e-05
4.041628500000035e-05
4.0416520000000356e-05
4.041675500000036e-05
4.041699000000036e-05
4.0417225000000364e-05
4.041746000000037e-05
4.041769500000037e-05
4.041793000000037e-05
4.0418165000000376e-05
4.041840000000038e-05
4.041863500000038e-05
4.0418870000000384e-05
4.080639000000038e-05
4.159079000000038e-05
4.202398500000038e-05
4.2024220000000384e-05
4.202445500000039e-05
4.202469000000039e-05
4.202492500000039e-05
4.2025160000000396e-05
4.20253950000004e-05
4.20256300000004e-05
4.2025865000000404e-05
4.202610000000041e-05
4.202633500000041e-05
4.202657000000041e-05
4.2026805000000416e-05
4.202704000000042e-05
4.202727500000042e-05
4.2027510000000425e-05
4.202774500000043e-05
4.202798000000043e-05
4.202821500000043e-05
4.2028450000000436e-05
4.202868500000044e-05
4.202892000000044e-05
4.2029155000000445e-05
4.202939000000045e-05
4.202962500000045e-05
4.2029860000000453e-05
4.2030095000000456e-05
4.203033000000046e-05
4.203056500000046e-05
4.2030800000000465e-05
4.203103500000047e-05
4.203127000000047e-05
4.2031505000000474e-05
4.2031740000000477e-05
4.203197500000048e-05
4.203221000000048e-05
4.2032445000000485e-05
4.203268000000049e-05
4.203291500000049e-05
4.2033150000000494e-05
4.20333850000005e-05
4.20336200000005e-05
4.20338550000005e-05
4.2034090000000505e-05
4.203432500000051e-05
4.203456000000051e-05
4.2034795000000514e-05
4.203503000000052e-05
4.203526500000052e-05
4.203550000000052e-05
4.2035735000000526e-05
4.203597000000053e-05
4.203620500000053e-05
4.2036440000000534e-05
4.203667500000054e-05
4.203691000000054e-05
4.203714500000054e-05
4.2037380000000546e-05
4.203761500000055e-05
4.203785000000055e-05
4.2038085000000555e-05
4.203832000000056e-05
4.203855500000056e-05
4.203879000000056e-05
4.2039025000000566e-05
4.203926000000057e-05
4.203949500000057e-05
4.2039730000000575e-05
4.203996500000058e-05
4.204020000000058e-05
4.204043500000058e-05
4.2040670000000586e-05
4.204090500000059e-05
4.204114000000059e-05
4.2041375000000595e-05
4.20416100000006e-05
4.20418450000006e-05
4.2042080000000604e-05
4.2042315000000606e-05
4.204255000000061e-05
4.204278500000061e-05
4.2043020000000615e-05
4.204325500000062e-05
4.204349000000062e-05
4.2043725000000624e-05
4.275080000000062e-05
4.311863500000062e-05
4.3118870000000626e-05
4.311910500000063e-05
4.3153645000000626e-05
4.3168440000000624e-05
4.316867500000063e-05
4.316891000000063e-05
4.316914500000063e-05
4.3169380000000636e-05
4.316961500000064e-05
4.316985000000064e-05
4.3170085000000645e-05
4.317032000000065e-05
4.317055500000065e-05
4.317079000000065e-05
4.3171025000000656e-05
4.317126000000066e-05
4.317149500000066e-05
4.3171730000000665e-05
4.317196500000067e-05
4.317220000000067e-05
4.318964000000067e-05
4.3197235000000674e-05
4.3197470000000677e-05
4.319770500000068e-05
4.319794000000068e-05
4.3198175000000685e-05
4.319841000000069e-05
4.319864500000069e-05
4.3198880000000694e-05
4.31991150000007e-05
4.31993500000007e-05
4.31995850000007e-05
4.3199820000000705e-05
4.320005500000071e-05
4.320029000000071e-05
4.3200525000000714e-05
4.320076000000072e-05
4.320099500000072e-05
4.320123000000072e-05
4.3201465000000726e-05
4.320170000000073e-05
4.320193500000073e-05
4.3202170000000734e-05
4.320240500000074e-05
4.320264000000074e-05
4.320287500000074e-05
4.3203110000000746e-05
4.320334500000075e-05
4.320358000000075e-05
4.3203815000000755e-05
4.323835500000075e-05
4.325315000000075e-05
4.325338500000075e-05
4.3253620000000756e-05
4.325385500000076e-05
4.325409000000076e-05
4.3254325000000764e-05
4.325456000000077e-05
4.325479500000077e-05
4.396187000000077e-05
4.432970500000077e-05
4.432994000000077e-05
4.4330175000000775e-05
4.433041000000078e-05
4.475670500000078e-05
4.492294000000078e-05
4.492317500000078e-05
4.495771500000078e-05
4.497251000000078e-05
4.497274500000078e-05
4.497298000000078e-05
4.4973215000000785e-05
4.497345000000079e-05
4.497368500000079e-05
4.4973920000000794e-05
4.49741550000008e-05
4.49915950000008e-05
4.49991900000008e-05
4.49994250000008e-05
4.4999660000000806e-05
4.499989500000081e-05
4.500013000000081e-05
4.538765000000081e-05
4.553220500000081e-05
4.5532440000000814e-05
4.577313500000081e-05
4.5910410000000814e-05
4.591064500000082e-05
4.591088000000082e-05
4.591111500000082e-05
4.5911350000000825e-05
4.591158500000083e-05
4.591182000000083e-05
4.5912055000000834e-05
4.591229000000084e-05
4.591252500000084e-05
4.591276000000084e-05
4.5912995000000846e-05
4.591323000000085e-05
4.6300750000000846e-05
4.644530500000085e-05
4.644554000000085e-05
4.6445775000000854e-05
4.644601000000086e-05
4.644624500000086e-05
4.644648000000086e-05
4.6446715000000865e-05
4.644695000000087e-05
4.644718500000087e-05
4.6447420000000874e-05
4.644765500000088e-05
4.644789000000088e-05
4.644812500000088e-05
4.6448360000000886e-05
4.6861080000000884e-05
4.7020035000000884e-05
4.702027000000089e-05
4.702050500000089e-05
4.702074000000089e-05
4.7020975000000895e-05
4.70212100000009e-05
4.70214450000009e-05
4.7021680000000904e-05
4.702191500000091e-05
4.702215000000091e-05
4.702238500000091e-05
4.7022620000000916e-05
4.7040060000000916e-05
4.704765500000092e-05
4.704789000000092e-05
4.7048125000000924e-05
4.704836000000093e-05
4.704859500000093e-05
4.704883000000093e-05
4.7049065000000936e-05
4.704930000000094e-05
4.704953500000094e-05
4.7049770000000945e-05
4.705000500000095e-05
4.705024000000095e-05
4.705047500000095e-05
4.7050710000000956e-05
4.7451805000000954e-05
4.760364000000096e-05
4.760387500000096e-05
4.7604110000000963e-05
4.7604345000000966e-05
4.760458000000097e-05
4.760481500000097e-05
4.7605050000000975e-05
4.760528500000098e-05
4.760552000000098e-05
4.7605755000000984e-05
4.7605990000000987e-05
4.760622500000099e-05
4.760646000000099e-05
4.7606695000000995e-05
4.7606930000001e-05
4.7607165000001e-05
4.7607400000001004e-05
4.8077775000001004e-05
4.8280010000001e-05
4.8280245000001005e-05
4.828048000000101e-05
4.828071500000101e-05
4.8280950000001014e-05
4.8281185000001017e-05
4.828142000000102e-05
4.828165500000102e-05
4.8281890000001025e-05
4.828212500000103e-05
4.828236000000103e-05
4.8282595000001034e-05
4.828283000000104e-05
4.828306500000104e-05
4.828330000000104e-05
4.8283535000001045e-05
4.828377000000105e-05
4.828400500000105e-05
4.8284240000001054e-05
4.828447500000106e-05
4.828471000000106e-05
4.828494500000106e-05
4.8285180000001066e-05
4.828541500000107e-05
4.828565000000107e-05
4.8285885000001074e-05
4.828612000000108e-05
4.828635500000108e-05
4.828659000000108e-05
4.8286825000001086e-05
4.828706000000109e-05
4.828729500000109e-05
4.8287530000001095e-05
4.82877650000011e-05
4.82880000000011e-05
4.82882350000011e-05
4.8288470000001106e-05
4.828870500000111e-05
4.828894000000111e-05
4.8289175000001115e-05
4.828941000000112e-05
4.828964500000112e-05
4.828988000000112e-05
4.8290115000001126e-05
4.829035000000113e-05
4.829058500000113e-05
4.870330500000113e-05
4.886226000000113e-05
4.886249500000113e-05
4.8862730000001136e-05
4.886296500000114e-05
4.886320000000114e-05
4.8863435000001145e-05
4.886367000000115e-05
4.886390500000115e-05
4.886414000000115e-05
4.8864375000001156e-05
4.886461000000116e-05
4.886484500000116e-05
4.8865080000001165e-05
4.886531500000117e-05
4.886555000000117e-05
4.8865785000001174e-05
4.8866020000001176e-05
4.963969500000118e-05
5.005073000000118e-05
5.005096500000118e-05
5.0051200000001185e-05
5.005143500000119e-05
5.005167000000119e-05
5.0051905000001194e-05
5.00521400000012e-05
5.00523750000012e-05
5.00526100000012e-05
5.0052845000001206e-05
5.005308000000121e-05
5.005331500000121e-05
5.0565090000001214e-05
5.0796125000001214e-05
5.079636000000122e-05
5.079659500000122e-05
5.079683000000122e-05
5.0797065000001226e-05
5.079730000000123e-05
5.079753500000123e-05
5.0797770000001235e-05
5.079800500000124e-05
5.079824000000124e-05
5.079847500000124e-05
5.0798710000001246e-05
5.079894500000125e-05
5.079918000000125e-05
5.0799415000001255e-05
5.079965000000126e-05
5.079988500000126e-05
5.0800120000001264e-05
5.083466000000126e-05
5.084945500000126e-05
5.084969000000126e-05
5.0849925000001265e-05
5.085016000000127e-05
5.085039500000127e-05
5.085063000000127e-05
5.0850865000001276e-05
5.085110000000128e-05
5.085133500000128e-05
5.0851570000001285e-05
5.085180500000129e-05
5.085204000000129e-05
5.0852275000001294e-05
5.0852510000001296e-05
5.08527450000013e-05
5.08529800000013e-05
5.0853215000001305e-05
5.085345000000131e-05
5.085368500000131e-05
5.0853920000001314e-05
5.0854155000001317e-05
5.085439000000132e-05
5.085462500000132e-05
5.0854860000001325e-05
5.085509500000133e-05
5.085533000000133e-05
5.0855565000001334e-05
5.085580000000134e-05
5.085603500000134e-05
5.085627000000134e-05
5.0856505000001345e-05
5.085674000000135e-05
5.085697500000135e-05
5.0857210000001354e-05
5.085744500000136e-05
5.085768000000136e-05
5.085791500000136e-05
5.0858150000001366e-05
5.124567000000136e-05
5.1390225000001365e-05
5.139046000000137e-05
5.139069500000137e-05
5.1390930000001374e-05
5.139116500000138e-05
5.139140000000138e-05
5.139163500000138e-05
5.1391870000001385e-05
5.139210500000139e-05
5.139234000000139e-05
5.1392575000001394e-05
5.13928100000014e-05
5.13930450000014e-05
5.13932800000014e-05
5.1393515000001406e-05
5.139375000000141e-05
5.139398500000141e-05
5.1394220000001414e-05
5.139445500000142e-05
5.139469000000142e-05
5.139492500000142e-05
5.1395160000001426e-05
5.139539500000143e-05
5.139563000000143e-05
5.1395865000001434e-05
5.139610000000144e-05
5.139633500000144e-05
5.139657000000144e-05
5.1396805000001446e-05
5.139704000000145e-05
5.139727500000145e-05
5.1397510000001455e-05
5.178503000000145e-05
5.1929585000001454e-05
5.192982000000146e-05
5.193005500000146e-05
5.193029000000146e-05
5.238446500000146e-05
5.257230000000146e-05
5.2572535000001465e-05
5.257277000000147e-05
5.257300500000147e-05
5.257324000000147e-05
5.2573475000001476e-05
5.257371000000148e-05
5.257394500000148e-05
5.2574180000001485e-05
5.257441500000149e-05
5.257465000000149e-05
5.2574885000001494e-05
5.2575120000001496e-05
5.25753550000015e-05
5.25755900000015e-05
5.2575825000001505e-05
5.257606000000151e-05
5.257629500000151e-05
5.2576530000001514e-05
5.2576765000001517e-05
5.257700000000152e-05
5.257723500000152e-05
5.2577470000001525e-05
5.257770500000153e-05
5.257794000000153e-05
5.2578175000001534e-05
5.257841000000154e-05
5.257864500000154e-05
5.296616500000154e-05
5.311072000000154e-05
5.311095500000154e-05
5.3111190000001545e-05
5.311142500000155e-05
5.311166000000155e-05
5.3111895000001554e-05
5.3112130000001556e-05
5.311236500000156e-05
5.311260000000156e-05
5.3112835000001565e-05
5.311307000000157e-05
5.311330500000157e-05
5.3113540000001574e-05
5.311377500000158e-05
5.311401000000158e-05
5.311424500000158e-05
5.3114480000001585e-05
5.311471500000159e-05
5.311495000000159e-05
5.3115185000001594e-05
5.31154200000016e-05
5.31156550000016e-05
5.31158900000016e-05
5.3116125000001606e-05
5.311636000000161e-05
5.311659500000161e-05
5.3116830000001614e-05
5.311706500000162e-05
5.311730000000162e-05
5.311753500000162e-05
5.3117770000001626e-05
5.311800500000163e-05
5.311824000000163e-05
5.3118475000001634e-05
5.311871000000164e-05
5.311894500000164e-05
5.311918000000164e-05
5.3119415000001646e-05
5.311965000000165e-05
5.311988500000165e-05
5.3120120000001655e-05
5.312035500000166e-05
5.312059000000166e-05
5.312082500000166e-05
5.3121060000001666e-05
5.312129500000167e-05
5.312153000000167e-05
5.3121765000001675e-05
5.312200000000168e-05
5.312223500000168e-05
5.3122470000001684e-05
5.3122705000001686e-05
5.312294000000169e-05
5.312317500000169e-05
5.3123410000001695e-05
5.31236450000017e-05
5.31238800000017e-05
5.3124115000001704e-05
5.312435000000171e-05
5.312458500000171e-05
5.312482000000171e-05
5.3125055000001715e-05
5.312529000000172e-05
5.312552500000172e-05
5.3125760000001724e-05
5.312599500000173e-05
5.312623000000173e-05
5.312646500000173e-05
5.3126700000001735e-05
5.312693500000174e-05
5.312717000000174e-05
5.3127405000001744e-05
5.312764000000175e-05
5.312787500000175e-05
5.312811000000175e-05
5.3128345000001756e-05
5.312858000000176e-05
5.312881500000176e-05
5.3129050000001764e-05
5.312928500000177e-05
5.312952000000177e-05
5.312975500000177e-05
5.3129990000001776e-05
5.313022500000178e-05
5.313046000000178e-05
5.3130695000001785e-05
5.313093000000179e-05
5.313116500000179e-05
5.313140000000179e-05
5.3131635000001796e-05
5.31318700000018e-05
5.31321050000018e-05
5.3132340000001805e-05
5.313257500000181e-05
5.313281000000181e-05
5.3133045000001813e-05
5.3133280000001816e-05
5.313351500000182e-05
5.313375000000182e-05
5.3133985000001825e-05
5.313422000000183e-05
5.313445500000183e-05
5.3134690000001834e-05
5.3134925000001837e-05
5.313516000000184e-05
5.313539500000184e-05
5.3135630000001845e-05
5.313586500000185e-05
5.313610000000185e-05
5.3136335000001854e-05
5.313657000000186e-05
5.313680500000186e-05
5.313704000000186e-05
5.3137275000001865e-05
5.313751000000187e-05
5.313774500000187e-05
5.3137980000001874e-05
5.313821500000188e-05
5.313845000000188e-05
5.313868500000188e-05
5.3138920000001886e-05
5.313915500000189e-05
5.313939000000189e-05
5.3139625000001894e-05
5.31398600000019e-05
5.3872135000001895e-05
5.4254370000001895e-05
5.42546050000019e-05
5.42548400000019e-05
5.4255075000001904e-05
5.425531000000191e-05
5.425554500000191e-05
5.425578000000191e-05
5.4256015000001916e-05
5.425625000000192e-05
5.425648500000192e-05
5.4256720000001924e-05
5.425695500000193e-05
5.425719000000193e-05
5.425742500000193e-05
5.4257660000001936e-05
5.425789500000194e-05
5.425813000000194e-05
5.4258365000001944e-05
5.425860000000195e-05
5.425883500000195e-05
5.425907000000195e-05
5.4259305000001956e-05
5.425954000000196e-05
5.425977500000196e-05
5.4260010000001965e-05
5.426024500000197e-05
5.426048000000197e-05
5.469840000000197e-05
5.487175500000197e-05
5.487199000000197e-05
5.487222500000197e-05
5.4872460000001976e-05
5.487269500000198e-05
5.487293000000198e-05
5.4873165000001985e-05
5.487340000000199e-05
5.487363500000199e-05
5.4873870000001993e-05
5.4874105000001996e-05
5.4874340000002e-05
5.4874575000002e-05
5.4874810000002005e-05
5.487504500000201e-05
5.487528000000201e-05
5.4875515000002014e-05
5.4875750000002017e-05
5.487598500000202e-05
5.487622000000202e-05
5.4876455000002025e-05
5.487669000000203e-05
5.487692500000203e-05
5.4877160000002034e-05
5.487739500000204e-05
5.487763000000204e-05
5.487786500000204e-05
5.4878100000002045e-05
5.487833500000205e-05
5.487857000000205e-05
5.4878805000002054e-05
5.487904000000206e-05
5.487927500000206e-05
5.487951000000206e-05
5.4879745000002066e-05
5.487998000000207e-05
5.488021500000207e-05
5.4880450000002074e-05
5.488068500000208e-05
5.488092000000208e-05
5.488115500000208e-05
5.4881390000002086e-05
5.488162500000209e-05
5.488186000000209e-05
5.4882095000002094e-05
5.48823300000021e-05
5.48825650000021e-05
5.48828000000021e-05
5.4883035000002106e-05
5.488327000000211e-05
5.488350500000211e-05
5.4883740000002115e-05
5.488397500000212e-05
5.488421000000212e-05
5.488444500000212e-05
5.4884680000002126e-05
5.488491500000213e-05
5.488515000000213e-05
5.4885385000002135e-05
5.488562000000214e-05
5.488585500000214e-05
5.4886090000002144e-05
5.4886325000002146e-05
5.488656000000215e-05
5.488679500000215e-05
5.4887030000002155e-05
5.488726500000216e-05
5.488750000000216e-05
5.4887735000002164e-05
5.488797000000217e-05
5.488820500000217e-05
5.488844000000217e-05
5.4888675000002175e-05
5.488891000000218e-05
5.488914500000218e-05
5.4889380000002184e-05
5.488961500000219e-05
5.488985000000219e-05
5.489008500000219e-05
5.4890320000002195e-05
5.48905550000022e-05
5.48907900000022e-05
5.4891025000002204e-05
5.489126000000221e-05
5.489149500000221e-05
5.489173000000221e-05
5.4891965000002216e-05
5.489220000000222e-05
5.489243500000222e-05
5.4892670000002224e-05
5.489290500000223e-05
5.489314000000223e-05
5.489337500000223e-05
5.4893610000002236e-05
5.489384500000224e-05
5.489408000000224e-05
5.4894315000002245e-05
5.489455000000225e-05
5.489478500000225e-05
5.489502000000225e-05
5.4895255000002256e-05
5.5296350000002254e-05
5.544818500000226e-05
5.544842000000226e-05
5.5448655000002263e-05
5.5448890000002266e-05
5.544912500000227e-05
5.544936000000227e-05
5.5449595000002275e-05
5.544983000000228e-05
5.545006500000228e-05
5.5450300000002284e-05
5.5450535000002286e-05
5.545077000000229e-05
5.545100500000229e-05
5.5451240000002295e-05
5.54514750000023e-05
5.54517100000023e-05
5.5451945000002304e-05
5.545218000000231e-05
5.545241500000231e-05
5.545265000000231e-05
5.5452885000002315e-05
5.545312000000232e-05
5.545335500000232e-05
5.5453590000002324e-05
5.545382500000233e-05
5.545406000000233e-05
5.545429500000233e-05
5.5454530000002336e-05
5.545476500000234e-05
5.545500000000234e-05
5.5455235000002344e-05
5.545547000000235e-05
5.545570500000235e-05
5.545594000000235e-05
5.5456175000002356e-05
5.545641000000236e-05
5.545664500000236e-05
5.5456880000002364e-05
5.545711500000237e-05
5.545735000000237e-05
5.545758500000237e-05
5.5457820000002376e-05
5.545805500000238e-05
5.545829000000238e-05
5.5458525000002385e-05
5.545876000000239e-05
5.545899500000239e-05
5.545923000000239e-05
5.5459465000002396e-05
5.54597000000024e-05
5.54599350000024e-05
5.5460170000002405e-05
5.546040500000241e-05
5.546064000000241e-05
5.5460875000002414e-05
5.5461110000002416e-05
5.546134500000242e-05
5.546158000000242e-05
5.5461815000002425e-05
5.546205000000243e-05
5.546228500000243e-05
5.5462520000002434e-05
5.546275500000244e-05
5.546299000000244e-05
5.546322500000244e-05
5.5463460000002445e-05
5.546369500000245e-05
5.546393000000245e-05
5.5464165000002454e-05
5.546440000000246e-05
5.546463500000246e-05
5.546487000000246e-05
5.5465105000002465e-05
5.546534000000247e-05
5.546557500000247e-05
5.5465810000002474e-05
5.546604500000248e-05
5.546628000000248e-05
5.546651500000248e-05
5.5466750000002486e-05
5.546698500000249e-05
5.546722000000249e-05
5.5467455000002494e-05
5.54676900000025e-05
5.54679250000025e-05
5.54681600000025e-05
5.5468395000002506e-05
5.546863000000251e-05
5.546886500000251e-05
5.5469100000002515e-05
5.546933500000252e-05
5.546957000000252e-05
5.546980500000252e-05
5.5470040000002526e-05
5.547027500000253e-05
5.547051000000253e-05
5.5470745000002535e-05
5.547098000000254e-05
5.547121500000254e-05
5.5471450000002543e-05
5.5471685000002546e-05
5.547192000000255e-05
5.547215500000255e-05
5.5472390000002555e-05
5.547262500000256e-05
5.547286000000256e-05
5.5473095000002564e-05
5.5473330000002567e-05
5.547356500000257e-05
5.547380000000257e-05
5.5474035000002575e-05
5.547427000000258e-05
5.547450500000258e-05
5.5474740000002584e-05
5.547497500000259e-05
5.547521000000259e-05
5.547544500000259e-05
5.5475680000002595e-05
5.54759150000026e-05
5.54761500000026e-05
5.5476385000002604e-05
5.547662000000261e-05
5.547685500000261e-05
5.547709000000261e-05
5.6002440000002616e-05
5.624075500000262e-05
5.624099000000262e-05
5.6241225000002624e-05
5.6241460000002627e-05
5.624169500000263e-05
5.624193000000263e-05
5.6242165000002635e-05
5.624240000000264e-05
5.624263500000264e-05
5.6242870000002644e-05
5.624310500000265e-05
5.624334000000265e-05
5.624357500000265e-05
5.6243810000002655e-05
5.624404500000266e-05
5.624428000000266e-05
5.6244515000002664e-05
5.624475000000267e-05
5.624498500000267e-05
5.624522000000267e-05
5.6245455000002676e-05
5.624569000000268e-05
5.624592500000268e-05
5.6246160000002684e-05
5.624639500000269e-05
5.624663000000269e-05
5.624686500000269e-05
5.6247100000002696e-05
5.62473350000027e-05
5.62475700000027e-05
5.6247805000002704e-05
5.624804000000271e-05
5.624827500000271e-05
5.624851000000271e-05
5.6248745000002716e-05
5.624898000000272e-05
5.624921500000272e-05
5.6249450000002725e-05
5.624968500000273e-05
5.624992000000273e-05
5.625015500000273e-05
5.6250390000002736e-05
5.625062500000274e-05
5.625086000000274e-05
5.6251095000002745e-05
5.625133000000275e-05
5.632822500000275e-05
5.6364700000002744e-05
5.6364935000002747e-05
5.636517000000275e-05
5.691834500000275e-05
5.717818000000275e-05
5.7178415000002754e-05
5.7178650000002756e-05
5.717888500000276e-05
5.717912000000276e-05
5.7179355000002765e-05
5.717959000000277e-05
5.717982500000277e-05
5.7180060000002774e-05
5.7180295000002777e-05
5.718053000000278e-05
5.718076500000278e-05
5.7181000000002785e-05
5.718123500000279e-05
5.718147000000279e-05
5.7181705000002794e-05
5.71819400000028e-05
5.71821750000028e-05
5.71824100000028e-05
5.7182645000002805e-05
5.718288000000281e-05
5.718311500000281e-05
5.7183350000002814e-05
5.718358500000282e-05
5.718382000000282e-05
5.718405500000282e-05
5.7184290000002826e-05
5.718452500000283e-05
5.718476000000283e-05
5.7184995000002834e-05
5.718523000000284e-05
5.718546500000284e-05
5.718570000000284e-05
5.7185935000002846e-05
5.718617000000285e-05
5.718640500000285e-05
5.7186640000002855e-05
5.718687500000286e-05
5.718711000000286e-05
5.718734500000286e-05
5.7187580000002866e-05
5.718781500000287e-05
5.718805000000287e-05
5.7188285000002875e-05
5.718852000000288e-05
5.718875500000288e-05
5.7188990000002883e-05
5.7189225000002886e-05
5.718946000000289e-05
5.718969500000289e-05
5.7189930000002895e-05
5.71901650000029e-05
5.71904000000029e-05
5.7190635000002904e-05
5.7190870000002907e-05
5.719110500000291e-05
5.719134000000291e-05
5.7191575000002915e-05
5.719181000000292e-05
5.719204500000292e-05
5.7192280000002924e-05
5.719251500000293e-05
5.719275000000293e-05
5.719298500000293e-05
5.7193220000002935e-05
5.719345500000294e-05
5.719369000000294e-05
5.7193925000002944e-05
5.719416000000295e-05
5.817321500000295e-05
5.862761000000295e-05
5.862784500000295e-05
5.8628080000002955e-05
5.862831500000296e-05
5.862855000000296e-05
5.8628785000002964e-05
5.8629020000002967e-05
5.862925500000297e-05
5.862949000000297e-05
5.8629725000002975e-05
5.862996000000298e-05
5.863019500000298e-05
5.8630430000002984e-05
5.863066500000299e-05
5.863090000000299e-05
5.863113500000299e-05
5.8631370000002995e-05
5.8631605000003e-05
5.8631840000003e-05
5.8632075000003004e-05
5.863231000000301e-05
5.863254500000301e-05
5.863278000000301e-05
5.8633015000003016e-05
5.863325000000302e-05
5.863348500000302e-05
5.8633720000003024e-05
5.863395500000303e-05
5.863419000000303e-05
5.863442500000303e-05
5.8634660000003036e-05
5.863489500000304e-05
5.863513000000304e-05
5.8635365000003045e-05
5.863560000000305e-05
5.863583500000305e-05
5.863607000000305e-05
5.8636305000003056e-05
5.863654000000306e-05
5.863677500000306e-05
5.8637010000003065e-05
5.863724500000307e-05
5.863748000000307e-05
5.8637715000003073e-05
5.8637950000003076e-05
5.863818500000308e-05
5.863842000000308e-05
5.8638655000003085e-05
5.863889000000309e-05
5.863912500000309e-05
5.8639360000003094e-05
5.8639595000003097e-05
5.86398300000031e-05
5.90525500000031e-05
5.92115050000031e-05
5.92117400000031e-05
5.9211975000003103e-05
5.9212210000003106e-05
5.921244500000311e-05
5.9246985000003106e-05
5.9261780000003105e-05
5.926201500000311e-05
5.926225000000311e-05
5.926248500000311e-05
5.9262720000003116e-05
5.926295500000312e-05
5.926319000000312e-05
5.997026500000312e-05
6.166509000000312e-05
6.295572500000313e-05
6.295596000000313e-05
6.295619500000312e-05
6.334371500000313e-05
6.348827000000312e-05
6.348850500000312e-05
6.348874000000311e-05
6.348897500000311e-05
6.350641500000311e-05
6.35140100000031e-05
6.422108500000311e-05
6.458892000000311e-05
6.458915500000311e-05
6.45893900000031e-05
6.45896250000031e-05
6.49771450000031e-05
6.57615450000031e-05
6.61947400000031e-05
6.61949750000031e-05
6.619521000000309e-05
6.65827300000031e-05
6.672728500000309e-05
6.672752000000309e-05
6.672775500000308e-05
6.674519500000308e-05
6.675279000000308e-05
6.675302500000307e-05
6.675326000000307e-05
6.675349500000307e-05
6.675373000000306e-05
6.675396500000306e-05
6.675420000000305e-05
6.675443500000305e-05
6.675467000000305e-05
6.675490500000304e-05
6.675514000000304e-05
6.675537500000304e-05
6.675561000000303e-05
6.675584500000303e-05
6.675608000000302e-05
6.675631500000302e-05
6.675655000000302e-05
6.675678500000301e-05
6.675702000000301e-05
6.6757255000003e-05
6.6757490000003e-05
6.6757725000003e-05
6.675796000000299e-05
6.675819500000299e-05
6.675843000000298e-05
6.675866500000298e-05
6.675890000000298e-05
6.675913500000297e-05
6.675937000000297e-05
6.675960500000297e-05
6.675984000000296e-05
6.676007500000296e-05
6.676031000000295e-05
6.676054500000295e-05
6.676078000000295e-05
6.676101500000294e-05
6.676125000000294e-05
6.676148500000293e-05
6.676172000000293e-05
6.676195500000293e-05
6.676219000000292e-05
6.676242500000292e-05
6.676266000000291e-05
6.676289500000291e-05
6.676313000000291e-05
6.67633650000029e-05
6.67636000000029e-05
6.67638350000029e-05
6.676407000000289e-05
6.676430500000289e-05
6.676454000000288e-05
6.676477500000288e-05
6.676501000000288e-05
6.676524500000287e-05
6.676548000000287e-05
6.676571500000286e-05
6.676595000000286e-05
6.676618500000286e-05
6.676642000000285e-05
6.676665500000285e-05
6.676689000000284e-05
6.676712500000284e-05
6.676736000000284e-05
6.676759500000283e-05
6.676783000000283e-05
6.676806500000283e-05
6.676830000000282e-05
6.676853500000282e-05
6.676877000000281e-05
6.676900500000281e-05
6.67692400000028e-05
6.67694750000028e-05
6.67697100000028e-05
6.67699450000028e-05
6.677018000000279e-05
6.677041500000279e-05
6.677065000000278e-05
6.677088500000278e-05
6.677112000000277e-05
6.677135500000277e-05
6.677159000000277e-05
6.677182500000276e-05
6.677206000000276e-05
6.677229500000276e-05
6.677253000000275e-05
6.677276500000275e-05
6.677300000000274e-05
6.677323500000274e-05
6.677347000000274e-05
6.718619000000274e-05
6.734514500000274e-05
6.734538000000274e-05
6.734561500000273e-05
6.734585000000273e-05
6.734608500000273e-05
6.734632000000272e-05
6.734655500000272e-05
6.734679000000271e-05
6.734702500000271e-05
6.736446500000271e-05
6.73720600000027e-05
6.73722950000027e-05
6.73725300000027e-05
6.73727650000027e-05
6.737300000000269e-05
6.737323500000269e-05
6.737347000000268e-05
6.737370500000268e-05
6.737394000000267e-05
6.737417500000267e-05
6.737441000000267e-05
6.737464500000266e-05
6.737488000000266e-05
6.737511500000266e-05
6.737535000000265e-05
6.737558500000265e-05
6.737582000000264e-05
6.737605500000264e-05
6.737629000000264e-05
6.737652500000263e-05
6.737676000000263e-05
6.737699500000262e-05
6.737723000000262e-05
6.737746500000262e-05
6.737770000000261e-05
6.737793500000261e-05
6.73781700000026e-05
6.73784050000026e-05
6.73786400000026e-05
6.737887500000259e-05
6.737911000000259e-05
6.737934500000259e-05
6.737958000000258e-05
6.737981500000258e-05
6.738005000000257e-05
6.738028500000257e-05
6.738052000000257e-05
6.738075500000256e-05
6.738099000000256e-05
6.738122500000255e-05
6.738146000000255e-05
6.738169500000255e-05
6.738193000000254e-05
6.743357000000254e-05
6.745556500000254e-05
6.745580000000253e-05
6.745603500000253e-05
6.745627000000253e-05
6.745650500000252e-05
6.745674000000252e-05
6.745697500000251e-05
6.745721000000251e-05
6.74574450000025e-05
6.74576800000025e-05
6.74579150000025e-05
6.74581500000025e-05
6.745838500000249e-05
6.745862000000249e-05
6.745885500000248e-05
6.745909000000248e-05
6.745932500000247e-05
6.745956000000247e-05
6.745979500000247e-05
6.746003000000246e-05
6.746026500000246e-05
6.746050000000246e-05
6.746073500000245e-05
6.746097000000245e-05
6.746120500000244e-05
6.746144000000244e-05
6.746167500000244e-05
6.746191000000243e-05
6.746214500000243e-05
6.746238000000242e-05
6.746261500000242e-05
6.746285000000242e-05
6.746308500000241e-05
6.746332000000241e-05
6.74635550000024e-05
6.74637900000024e-05
6.74640250000024e-05
6.746426000000239e-05
6.746449500000239e-05
6.746473000000239e-05
6.746496500000238e-05
6.746520000000238e-05
6.746543500000237e-05
6.746567000000237e-05
6.746590500000237e-05
6.746614000000236e-05
6.746637500000236e-05
6.746661000000235e-05
6.746684500000235e-05
6.746708000000235e-05
6.746731500000234e-05
6.746755000000234e-05
6.746778500000233e-05
6.746802000000233e-05
6.746825500000233e-05
6.746849000000232e-05
6.746872500000232e-05
6.746896000000232e-05
6.746919500000231e-05
6.746943000000231e-05
6.74696650000023e-05
6.74699000000023e-05
6.74701350000023e-05
6.747037000000229e-05
6.747060500000229e-05
6.747084000000228e-05
6.747107500000228e-05
6.747131000000228e-05
6.747154500000227e-05
6.747178000000227e-05
6.747201500000226e-05
6.747225000000226e-05
6.747248500000226e-05
6.747272000000225e-05
6.747295500000225e-05
6.747319000000225e-05
6.747342500000224e-05
6.747366000000224e-05
6.747389500000223e-05
6.747413000000223e-05
6.747436500000223e-05
6.747460000000222e-05
6.747483500000222e-05
6.747507000000221e-05
6.747530500000221e-05
6.74755400000022e-05
6.74757750000022e-05
6.74760100000022e-05
6.82244850000022e-05
6.86211200000022e-05
6.862135500000219e-05
6.862159000000219e-05
6.862182500000218e-05
6.862206000000218e-05
6.862229500000218e-05
6.862253000000217e-05
6.862276500000217e-05
6.862300000000217e-05
6.862323500000216e-05
6.862347000000216e-05
6.862370500000215e-05
6.862394000000215e-05
6.862417500000215e-05
6.862441000000214e-05
6.909216000000215e-05
6.928727500000214e-05
6.928751000000214e-05
6.928774500000213e-05
6.975812000000214e-05
6.996035500000215e-05
6.996059000000214e-05
6.996082500000214e-05
6.996106000000214e-05
6.996129500000213e-05
6.996153000000213e-05
6.996176500000212e-05
6.996200000000212e-05
6.996223500000212e-05
6.996247000000211e-05
6.996270500000211e-05
6.99629400000021e-05
6.99631750000021e-05
6.99634100000021e-05
6.996364500000209e-05
6.996388000000209e-05
6.996411500000208e-05
6.996435000000208e-05
6.996458500000208e-05
6.996482000000207e-05
7.079532000000207e-05
7.114163500000207e-05
7.114187000000207e-05
7.114210500000206e-05
7.114234000000206e-05
7.114257500000206e-05
7.114281000000205e-05
7.114304500000205e-05
7.114328000000205e-05
7.114351500000204e-05
7.114375000000204e-05
7.114398500000203e-05
7.114422000000203e-05
7.114445500000203e-05
7.155717500000203e-05
7.171613000000203e-05
7.171636500000203e-05
7.171660000000202e-05
7.171683500000202e-05
7.171707000000202e-05
7.171730500000201e-05
7.171754000000201e-05
7.1717775000002e-05
7.1718010000002e-05
7.1718245000002e-05
7.171848000000199e-05
7.171871500000199e-05
7.171895000000198e-05
7.171918500000198e-05
7.171942000000198e-05
7.171965500000197e-05
7.171989000000197e-05
7.172012500000196e-05
7.172036000000196e-05
7.172059500000196e-05
7.172083000000195e-05
7.172106500000195e-05
7.172130000000195e-05
7.172153500000194e-05
7.172177000000194e-05
7.172200500000193e-05
7.172224000000193e-05
7.172247500000193e-05
7.172271000000192e-05
7.172294500000192e-05
7.172318000000191e-05
7.172341500000191e-05
7.17236500000019e-05
7.17238850000019e-05
7.17241200000019e-05
7.17243550000019e-05
7.172459000000189e-05
7.172482500000189e-05
7.172506000000188e-05
7.172529500000188e-05
7.172553000000188e-05
7.172576500000187e-05
7.172600000000187e-05
7.172623500000186e-05
7.172647000000186e-05
7.172670500000186e-05
7.172694000000185e-05
7.172717500000185e-05
7.172741000000184e-05
7.172764500000184e-05
7.172788000000184e-05
7.172811500000183e-05
7.172835000000183e-05
7.172858500000182e-05
7.172882000000182e-05
7.172905500000182e-05
7.172929000000181e-05
7.172952500000181e-05
7.17297600000018e-05
7.17299950000018e-05
7.17302300000018e-05
7.17304650000018e-05
7.173070000000179e-05
7.173093500000179e-05
7.173117000000178e-05
7.173140500000178e-05
7.173164000000177e-05
7.173187500000177e-05
7.173211000000177e-05
7.173234500000176e-05
7.173258000000176e-05
7.173281500000175e-05
7.173305000000175e-05
7.173328500000175e-05
7.173352000000174e-05
7.173375500000174e-05
7.173399000000174e-05
7.173422500000173e-05
7.173446000000173e-05
7.173469500000172e-05
7.173493000000172e-05
7.173516500000172e-05
7.173540000000171e-05
7.173563500000171e-05
7.17358700000017e-05
7.17361050000017e-05
7.17363400000017e-05
7.173657500000169e-05
7.173681000000169e-05
7.173704500000168e-05
7.173728000000168e-05
7.173751500000168e-05
7.173775000000167e-05
7.173798500000167e-05
7.173822000000167e-05
7.173845500000166e-05
7.173869000000166e-05
7.173892500000165e-05
7.173916000000165e-05
7.173939500000165e-05
7.173963000000164e-05
7.173986500000164e-05
7.174010000000163e-05
7.174033500000163e-05
7.174057000000163e-05
7.174080500000162e-05
7.174104000000162e-05
7.174127500000161e-05
7.174151000000161e-05
7.174174500000161e-05
7.17419800000016e-05
7.17422150000016e-05
7.17424500000016e-05
7.174268500000159e-05
7.174292000000159e-05
7.174315500000158e-05
7.174339000000158e-05
7.174362500000158e-05
7.174386000000157e-05
7.174409500000157e-05
7.174433000000156e-05
7.174456500000156e-05
7.174480000000156e-05
7.174503500000155e-05
7.174527000000155e-05
7.174550500000154e-05
7.174574000000154e-05
7.174597500000154e-05
7.174621000000153e-05
7.174644500000153e-05
7.174668000000153e-05
7.174691500000152e-05
7.174715000000152e-05
7.174738500000151e-05
7.174762000000151e-05
7.17478550000015e-05
7.17480900000015e-05
7.17483250000015e-05
7.17485600000015e-05
7.174879500000149e-05
7.174903000000149e-05
7.174926500000148e-05
7.174950000000148e-05
7.174973500000147e-05
7.174997000000147e-05
7.175020500000147e-05
7.175044000000146e-05
7.175067500000146e-05
7.175091000000146e-05
7.175114500000145e-05
7.175138000000145e-05
7.175161500000144e-05
7.175185000000144e-05
7.175208500000144e-05
7.175232000000143e-05
7.175255500000143e-05
7.184572500000143e-05
7.189668000000142e-05
7.189691500000142e-05
7.189715000000141e-05
7.189738500000141e-05
7.18976200000014e-05
7.18978550000014e-05
7.18980900000014e-05
7.18983250000014e-05
7.189856000000139e-05
7.189879500000139e-05
7.189903000000138e-05
7.189926500000138e-05
7.189950000000137e-05
7.189973500000137e-05
7.189997000000137e-05
7.190020500000136e-05
7.190044000000136e-05
7.190067500000135e-05
7.190091000000135e-05
7.190114500000135e-05
7.190138000000134e-05
7.190161500000134e-05
7.190185000000133e-05
7.190208500000133e-05
7.190232000000133e-05
7.190255500000132e-05
7.190279000000132e-05
7.190302500000132e-05
7.190326000000131e-05
7.190349500000131e-05
7.19037300000013e-05
7.19039650000013e-05
7.19042000000013e-05
7.21449700000013e-05
7.22823250000013e-05
7.22825600000013e-05
7.228279500000129e-05
7.228303000000129e-05
7.228326500000128e-05
7.228350000000128e-05
7.228373500000128e-05
7.228397000000127e-05
7.228420500000127e-05
7.228444000000127e-05
7.228467500000126e-05
7.228491000000126e-05
7.228514500000125e-05
7.228538000000125e-05
7.228561500000125e-05
7.228585000000124e-05
7.228608500000124e-05
7.228632000000123e-05
7.228655500000123e-05
7.228679000000123e-05
7.272934000000123e-05
7.291005500000124e-05
7.291029000000123e-05
7.291052500000123e-05
7.291076000000122e-05
7.291099500000122e-05
7.291123000000122e-05
7.291146500000121e-05
7.291170000000121e-05
7.29119350000012e-05
7.29121700000012e-05
7.29124050000012e-05
7.291264000000119e-05
7.312813500000119e-05
7.325101000000119e-05
7.325124500000118e-05
7.325148000000118e-05
7.325171500000118e-05
7.325195000000117e-05
7.325218500000117e-05
7.325242000000116e-05
7.325265500000116e-05
7.325289000000116e-05
7.325312500000115e-05
7.325336000000115e-05
7.325359500000114e-05
7.325383000000114e-05
7.325406500000114e-05
7.325430000000113e-05
7.325453500000113e-05
7.325477000000112e-05
7.325500500000112e-05
7.325524000000112e-05
7.325547500000111e-05
7.325571000000111e-05
7.385928500000111e-05
7.414792000000111e-05
7.414815500000111e-05
7.414839000000111e-05
7.41486250000011e-05
7.41488600000011e-05
7.41490950000011e-05
7.414933000000109e-05
7.414956500000109e-05
7.414980000000108e-05
7.415003500000108e-05
7.415027000000108e-05
7.415050500000107e-05
7.415074000000107e-05
7.415097500000106e-05
7.415121000000106e-05
7.415144500000106e-05
7.415168000000105e-05
7.415191500000105e-05
7.415215000000104e-05
7.415238500000104e-05
7.415262000000104e-05
7.415285500000103e-05
7.415309000000103e-05
7.415332500000103e-05
7.415356000000102e-05
7.415379500000102e-05
7.415403000000101e-05
7.415426500000101e-05
7.4154500000001e-05
7.4154735000001e-05
7.4154970000001e-05
7.4155205000001e-05
7.415544000000099e-05
7.415567500000099e-05
7.415591000000098e-05
7.415614500000098e-05
7.415638000000097e-05
7.415661500000097e-05
7.415685000000097e-05
7.415708500000096e-05
7.415732000000096e-05
7.415755500000096e-05
7.415779000000095e-05
7.415802500000095e-05
7.415826000000094e-05
7.415849500000094e-05
7.415873000000094e-05
7.415896500000093e-05
7.415920000000093e-05
7.415943500000092e-05
7.415967000000092e-05
7.468502000000092e-05
7.492333500000091e-05
7.492357000000091e-05
7.49238050000009e-05
7.49240400000009e-05
7.54960750000009e-05
7.57919100000009e-05
7.579214500000089e-05
7.579238000000089e-05
7.579261500000089e-05
7.579285000000088e-05
7.579308500000088e-05
7.579332000000087e-05
7.579355500000087e-05
7.579379000000087e-05
7.579402500000086e-05
7.579426000000086e-05
7.579449500000085e-05
7.579473000000085e-05
7.579496500000085e-05
7.579520000000084e-05
7.579543500000084e-05
7.579567000000083e-05
7.579590500000083e-05
7.579614000000083e-05
7.579637500000082e-05
7.579661000000082e-05
7.579684500000082e-05
7.579708000000081e-05
7.579731500000081e-05
7.57975500000008e-05
7.57977850000008e-05
7.57980200000008e-05
7.579825500000079e-05
7.579849000000079e-05
7.579872500000078e-05
7.579896000000078e-05
7.579919500000078e-05
7.579943000000077e-05
7.579966500000077e-05
7.579990000000076e-05
7.580013500000076e-05
7.580037000000076e-05
7.580060500000075e-05
7.580084000000075e-05
7.580107500000075e-05
7.580131000000074e-05
7.580154500000074e-05
7.580178000000073e-05
7.580201500000073e-05
7.580225000000073e-05
7.580248500000072e-05
7.580272000000072e-05
7.580295500000071e-05
7.580319000000071e-05
7.58034250000007e-05
7.58036600000007e-05
7.58038950000007e-05
7.58041300000007e-05
7.580436500000069e-05
7.580460000000069e-05
7.580483500000068e-05
7.580507000000068e-05
7.580530500000068e-05
7.580554000000067e-05
7.580577500000067e-05
7.580601000000066e-05
7.580624500000066e-05
7.580648000000066e-05
7.580671500000065e-05
7.580695000000065e-05
7.580718500000064e-05
7.580742000000064e-05
7.580765500000064e-05
7.580789000000063e-05
7.580812500000063e-05
7.580836000000062e-05
7.580859500000062e-05
7.580883000000062e-05
7.580906500000061e-05
7.580930000000061e-05
7.58095350000006e-05
7.58097700000006e-05
7.58100050000006e-05
7.58102400000006e-05
7.581047500000059e-05
7.581071000000059e-05
7.581094500000058e-05
7.581118000000058e-05
7.581141500000057e-05
7.581165000000057e-05
7.581188500000057e-05
7.581212000000056e-05
7.581235500000056e-05
7.581259000000055e-05
7.581282500000055e-05
7.581306000000055e-05
7.581329500000054e-05
7.581353000000054e-05
7.581376500000054e-05
7.581400000000053e-05
7.581423500000053e-05
7.581447000000052e-05
7.581470500000052e-05
7.581494000000052e-05
7.581517500000051e-05
7.581541000000051e-05
7.58156450000005e-05
7.58158800000005e-05
7.58161150000005e-05
7.581635000000049e-05
7.581658500000049e-05
7.581682000000048e-05
7.581705500000048e-05
7.581729000000048e-05
7.581752500000047e-05
7.626007500000048e-05
7.644079000000048e-05
7.644102500000048e-05
7.644126000000047e-05
7.644149500000047e-05
7.644173000000047e-05
7.644196500000046e-05
7.644220000000046e-05
7.644243500000045e-05
7.644267000000045e-05
7.644290500000045e-05
7.644314000000044e-05
7.644337500000044e-05
7.644361000000044e-05
7.644384500000043e-05
7.644408000000043e-05
7.644431500000042e-05
7.644455000000042e-05
7.644478500000042e-05
7.644502000000041e-05
7.644525500000041e-05
7.64454900000004e-05
7.64457250000004e-05
7.64459600000004e-05
7.644619500000039e-05
7.644643000000039e-05
7.644666500000038e-05
7.644690000000038e-05
7.644713500000038e-05
7.644737000000037e-05
7.644760500000037e-05
7.644784000000037e-05
7.644807500000036e-05
7.644831000000036e-05
7.644854500000035e-05
7.644878000000035e-05
7.644901500000035e-05
7.644925000000034e-05
7.644948500000034e-05
7.644972000000033e-05
7.644995500000033e-05
7.645019000000033e-05
7.645042500000032e-05
7.645066000000032e-05
7.645089500000031e-05
7.645113000000031e-05
7.645136500000031e-05
7.64516000000003e-05
7.64518350000003e-05
7.64520700000003e-05
7.645230500000029e-05
7.645254000000029e-05
7.645277500000028e-05
7.645301000000028e-05
7.645324500000028e-05
7.645348000000027e-05
7.645371500000027e-05
7.645395000000026e-05
7.645418500000026e-05
7.645442000000026e-05
7.645465500000025e-05
7.645489000000025e-05
7.645512500000024e-05
7.645536000000024e-05
7.645559500000024e-05
7.645583000000023e-05
7.645606500000023e-05
7.645630000000023e-05
7.645653500000022e-05
7.645677000000022e-05
7.645700500000021e-05
7.645724000000021e-05
7.64574750000002e-05
7.64577100000002e-05
7.64579450000002e-05
7.64581800000002e-05
7.645841500000019e-05
7.645865000000019e-05
7.645888500000018e-05
7.645912000000018e-05
7.645935500000017e-05
7.645959000000017e-05
7.645982500000017e-05
7.646006000000016e-05
7.646029500000016e-05
7.646053000000016e-05
7.646076500000015e-05
7.646100000000015e-05
7.646123500000014e-05
7.646147000000014e-05
7.646170500000014e-05
7.646194000000013e-05
7.646217500000013e-05
7.646241000000012e-05
7.646264500000012e-05
7.646288000000012e-05
7.646311500000011e-05
7.646335000000011e-05
7.64635850000001e-05
7.64638200000001e-05
7.64640550000001e-05
7.646429000000009e-05
7.646452500000009e-05
7.646476000000009e-05
7.646499500000008e-05
7.646523000000008e-05
7.646546500000007e-05
7.646570000000007e-05
7.646593500000007e-05
7.646617000000006e-05
7.646640500000006e-05
7.646664000000005e-05
7.646687500000005e-05
7.646711000000005e-05
7.646734500000004e-05
7.650188500000005e-05
7.695464500000005e-05
7.714272000000005e-05
7.714295500000005e-05
7.714319000000004e-05
7.714342500000004e-05
7.714366000000004e-05
7.714389500000003e-05
7.714413000000003e-05
7.714436500000002e-05
7.714460000000002e-05
7.714483500000002e-05
7.714507000000001e-05
7.714530500000001e-05
7.714554e-05
7.7145775e-05
7.714601e-05
7.714624499999999e-05
7.714647999999999e-05
7.714671499999999e-05
7.714694999999998e-05
7.714718499999998e-05
7.714741999999997e-05
7.714765499999997e-05
7.714788999999997e-05
7.714812499999996e-05
7.714835999999996e-05
7.714859499999995e-05
7.714882999999995e-05
7.714906499999995e-05
7.714929999999994e-05
7.714953499999994e-05
7.714976999999993e-05
7.715000499999993e-05
7.715023999999993e-05
7.715047499999992e-05
7.715070999999992e-05
7.715094499999992e-05
7.715117999999991e-05
7.715141499999991e-05
7.71516499999999e-05
7.71518849999999e-05
7.71521199999999e-05
7.715235499999989e-05
7.715258999999989e-05
7.715282499999988e-05
7.715305999999988e-05
7.715329499999988e-05
7.715352999999987e-05
7.715376499999987e-05
7.715399999999986e-05
7.715423499999986e-05
7.724740499999986e-05
7.729835999999985e-05
7.729859499999985e-05
7.729882999999985e-05
7.729906499999984e-05
7.729929999999984e-05
7.729953499999983e-05
7.729976999999983e-05
7.730000499999983e-05
7.730023999999982e-05
7.730047499999982e-05
7.730070999999981e-05
7.730094499999981e-05
7.73011799999998e-05
7.73014149999998e-05
7.73016499999998e-05
7.73018849999998e-05
7.730211999999979e-05
7.730235499999979e-05
7.730258999999978e-05
7.730282499999978e-05
7.782817499999978e-05
7.806648999999977e-05
7.814345999999978e-05
7.818001499999978e-05
7.818024999999977e-05
7.818048499999977e-05
7.818071999999977e-05
7.818095499999976e-05
7.818118999999976e-05
7.818142499999975e-05
7.818165999999975e-05
7.831705499999976e-05
7.838952999999975e-05
7.838976499999975e-05
7.838999999999974e-05
7.839023499999974e-05
7.839046999999973e-05
7.839070499999973e-05
7.839093999999973e-05
7.839117499999972e-05
7.839140999999972e-05
7.839164499999972e-05
7.839187999999971e-05
7.839211499999971e-05
7.83923499999997e-05
7.83925849999997e-05
7.83928199999997e-05
7.839305499999969e-05
7.839328999999969e-05
7.839352499999968e-05
7.839375999999968e-05
7.839399499999968e-05
7.839422999999967e-05
7.839446499999967e-05
7.839469999999966e-05
7.839493499999966e-05
7.839516999999966e-05
7.839540499999965e-05
7.839563999999965e-05
7.863640999999965e-05
7.877376499999965e-05
7.877399999999965e-05
7.877423499999965e-05
7.877446999999964e-05
7.877470499999964e-05
7.877493999999963e-05
7.877517499999963e-05
7.877540999999963e-05
7.877564499999962e-05
7.877587999999962e-05
7.877611499999961e-05
7.877634999999961e-05
7.87765849999996e-05
7.87768199999996e-05
7.87770549999996e-05
7.87772899999996e-05
7.877752499999959e-05
7.877775999999959e-05
7.877799499999958e-05
7.877822999999958e-05
7.877846499999958e-05
7.877869999999957e-05
7.877893499999957e-05
7.877916999999956e-05
7.877940499999956e-05
7.877963999999956e-05
7.877987499999955e-05
7.878010999999955e-05
7.878034499999954e-05
7.878057999999954e-05
7.878081499999954e-05
7.878104999999953e-05
7.878128499999953e-05
7.878151999999952e-05
7.878175499999952e-05
7.887492499999952e-05
7.892587999999951e-05
7.892611499999951e-05
7.89263499999995e-05
7.89265849999995e-05
7.89268199999995e-05
7.89270549999995e-05
7.892728999999949e-05
7.892752499999949e-05
7.892775999999948e-05
7.892799499999948e-05
7.892822999999947e-05
7.892846499999947e-05
7.892869999999947e-05
7.892893499999946e-05
7.892916999999946e-05
7.892940499999946e-05
7.947995499999945e-05
7.973266999999945e-05
7.973290499999945e-05
7.973313999999944e-05
7.973337499999944e-05
7.973360999999944e-05
7.973384499999943e-05
7.973407999999943e-05
8.026842999999943e-05
8.050674499999943e-05
8.050697999999942e-05
8.050721499999942e-05
8.050744999999942e-05
8.050768499999941e-05
8.050791999999941e-05
8.05081549999994e-05
8.05083899999994e-05
8.05086249999994e-05
8.05855949999994e-05
8.06221499999994e-05
8.06223849999994e-05
8.06226199999994e-05
8.062285499999939e-05
8.062308999999939e-05
8.062332499999938e-05
8.062355999999938e-05
8.062379499999938e-05
8.062402999999937e-05
8.062426499999937e-05
8.062449999999936e-05
8.062473499999936e-05
8.062496999999936e-05
8.062520499999935e-05
8.062543999999935e-05
8.062567499999934e-05
8.062590999999934e-05
8.062614499999934e-05
8.062637999999933e-05
8.062661499999933e-05
8.062684999999932e-05
8.062708499999932e-05
8.062731999999932e-05
8.062755499999931e-05
8.062778999999931e-05
8.06280249999993e-05
8.06282599999993e-05
8.06284949999993e-05
8.06287299999993e-05
8.062896499999929e-05
8.062919999999929e-05
8.062943499999928e-05
8.062966999999928e-05
8.062990499999927e-05
8.063013999999927e-05
8.063037499999927e-05
8.063060999999926e-05
8.063084499999926e-05
8.064828499999926e-05
8.065587999999925e-05
8.065611499999925e-05
8.065634999999925e-05
8.065658499999924e-05
8.065681999999924e-05
8.065705499999924e-05
8.065728999999923e-05
8.065752499999923e-05
8.065775999999922e-05
8.110030999999923e-05
8.128102499999923e-05
8.128125999999923e-05
8.128149499999922e-05
8.128172999999922e-05
8.128196499999922e-05
8.128219999999921e-05
8.128243499999921e-05
8.12826699999992e-05
8.12829049999992e-05
8.12831399999992e-05
8.12833749999992e-05
8.128360999999919e-05
8.128384499999919e-05
8.128407999999918e-05
8.128431499999918e-05
8.128454999999917e-05
8.128478499999917e-05
8.128501999999917e-05
8.128525499999916e-05
8.128548999999916e-05
8.128572499999915e-05
8.169844499999916e-05
8.185739999999916e-05
8.185763499999916e-05
8.185786999999915e-05
8.185810499999915e-05
8.185833999999914e-05
8.185857499999914e-05
8.185880999999914e-05
8.185904499999913e-05
8.185927999999913e-05
8.192717499999913e-05
8.196364999999913e-05
8.196388499999912e-05
8.196411999999912e-05
8.196435499999911e-05
8.196458999999911e-05
8.19648249999991e-05
8.19650599999991e-05
8.19652949999991e-05
8.19655299999991e-05
8.196576499999909e-05
8.196599999999909e-05
8.196623499999908e-05
8.196646999999908e-05
8.196670499999907e-05
8.196693999999907e-05
8.196717499999907e-05
8.196740999999906e-05
8.196764499999906e-05
8.196787999999906e-05
8.257145499999906e-05
8.286008999999906e-05
8.286032499999906e-05
8.286055999999905e-05
8.286079499999905e-05
8.327351499999905e-05
8.343246999999905e-05
8.343270499999905e-05
8.343293999999905e-05
8.343317499999904e-05
8.343340999999904e-05
8.343364499999903e-05
8.343387999999903e-05
8.343411499999903e-05
8.343434999999902e-05
8.343458499999902e-05
8.346912499999902e-05
8.348391999999902e-05
8.348415499999902e-05
8.348438999999901e-05
8.348462499999901e-05
8.3484859999999e-05
8.3485094999999e-05
8.3485329999999e-05
8.3485564999999e-05
8.348579999999899e-05
8.348603499999899e-05
8.348626999999898e-05
8.348650499999898e-05
8.348673999999897e-05
8.348697499999897e-05
8.348720999999897e-05
8.348744499999896e-05
8.348767999999896e-05
8.348791499999895e-05
8.348814999999895e-05
8.348838499999895e-05
8.406413499999895e-05
8.433124999999895e-05
8.433148499999895e-05
8.433171999999894e-05
8.433195499999894e-05
8.433218999999893e-05
8.433242499999893e-05
8.433265999999893e-05
8.433289499999892e-05
8.433312999999892e-05
8.433336499999891e-05
8.433359999999891e-05
8.433383499999891e-05
8.43340699999989e-05
8.43343049999989e-05
8.43345399999989e-05
8.433477499999889e-05
8.433500999999889e-05
8.433524499999888e-05
8.442841499999888e-05
8.447936999999888e-05
8.447960499999887e-05
8.452229999999887e-05
8.454437499999888e-05
8.456181499999888e-05
8.456940999999887e-05
8.456964499999887e-05
8.456987999999887e-05
8.457011499999886e-05
8.457034999999886e-05
8.457058499999885e-05
8.579799999999886e-05
8.646839499999885e-05
8.646862999999885e-05
8.646886499999885e-05
8.646909999999884e-05
8.646933499999884e-05
8.646956999999884e-05
8.646980499999883e-05
8.647003999999883e-05
8.647027499999882e-05
8.647050999999882e-05
8.647074499999882e-05
8.647097999999881e-05
8.647121499999881e-05
8.64714499999988e-05
8.64716849999988e-05
8.64719199999988e-05
8.706386999999879e-05
8.734538499999878e-05
8.734561999999878e-05
8.734585499999878e-05
8.734608999999877e-05
8.734632499999877e-05
8.734655999999877e-05
8.734679499999876e-05
8.775951499999877e-05
8.791846999999877e-05
8.791870499999876e-05
8.791893999999876e-05
8.791917499999875e-05
8.791940999999875e-05
8.791964499999875e-05
8.791987999999874e-05
8.792011499999874e-05
8.792034999999874e-05
8.830786999999874e-05
8.909226999999874e-05
8.952546499999873e-05
8.952569999999873e-05
8.952593499999872e-05
8.952616999999872e-05
8.952640499999872e-05
8.952663999999871e-05
8.952687499999871e-05
8.95271099999987e-05
8.95273449999987e-05
8.99148649999987e-05
9.00594199999987e-05
9.00596549999987e-05
9.005988999999869e-05
9.006012499999869e-05
9.006035999999869e-05
9.006059499999868e-05
9.057236999999868e-05
9.080340499999868e-05
9.080363999999868e-05
9.080387499999868e-05
9.080410999999867e-05
9.080434499999867e-05
9.080457999999866e-05
9.080481499999866e-05
9.080504999999866e-05
9.080528499999865e-05
9.080551999999865e-05
9.080575499999865e-05
9.080598999999864e-05
9.080622499999864e-05
9.124414499999864e-05
9.213294499999864e-05
9.263813999999864e-05
9.263837499999864e-05
9.306466999999864e-05
9.323090499999863e-05
9.368507999999863e-05
9.387291499999863e-05
9.387314999999863e-05
9.387338499999862e-05
9.387361999999862e-05
9.387385499999862e-05
9.430014999999862e-05
9.460443999999861e-05
9.594610499999861e-05
9.68700199999986e-05
9.68702549999986e-05
9.68704899999986e-05
9.687072499999859e-05
9.687095999999859e-05
9.687119499999859e-05
9.687142999999858e-05
9.687166499999858e-05
9.694855999999858e-05
9.698503499999858e-05
9.698526999999858e-05
9.698550499999857e-05
9.698573999999857e-05
9.698597499999856e-05
9.738706999999856e-05
9.753890499999857e-05
9.753913999999856e-05
9.795185999999857e-05
9.811081499999857e-05
9.853710999999857e-05
9.870334499999856e-05
9.870357999999856e-05
9.870381499999855e-05
9.870404999999855e-05
9.870428499999855e-05
9.870451999999854e-05
9.870475499999854e-05
9.870498999999853e-05
9.915648499999853e-05
9.933711999999853e-05
9.933735499999853e-05
9.933758999999852e-05
9.933782499999852e-05
9.933805999999852e-05
9.933829499999851e-05
9.933852999999851e-05
9.93387649999985e-05
9.93389999999985e-05
9.93392349999985e-05
9.93394699999985e-05
9.933970499999849e-05
9.933993999999849e-05
9.934017499999848e-05
9.934040999999848e-05
9.934064499999847e-05
9.934087999999847e-05
9.934111499999847e-05
9.934134999999846e-05
9.934158499999846e-05
9.934181999999845e-05
9.934205499999845e-05
9.934228999999845e-05
9.934252499999844e-05
9.934275999999844e-05
9.934299499999844e-05
9.934322999999843e-05
9.934346499999843e-05
9.934369999999842e-05
9.934393499999842e-05
9.934416999999842e-05
9.934440499999841e-05
9.934463999999841e-05
9.93448749999984e-05
9.93451099999984e-05
9.93453449999984e-05
9.934557999999839e-05
9.934581499999839e-05
9.934604999999838e-05
9.934628499999838e-05
9.934651999999838e-05
9.974761499999837e-05
9.989944999999838e-05
9.989968499999837e-05
9.989991999999837e-05
9.991735999999837e-05
0.00010032511999999837
0.00010048439499999836
0.00010048462999999836
0.00010048486499999836
0.00010048509999999835
0.00010048533499999835
0.00010048556999999834
0.00010048580499999834
0.00010048603999999834
0.00010048627499999833
0.00010048650999999833
0.00010048674499999832
0.00010050418499999832
0.00010051177999999832
0.00010051201499999832
0.00010051224999999831
0.00010051248499999831
0.0001005127199999983
0.0001005129549999983
0.0001005131899999983
0.00010051342499999829
0.00010051365999999829
0.00010051389499999829
0.00010051412999999828
0.00010051436499999828
0.00010051459999999827
0.00010051483499999827
0.00010051506999999827
0.00010051530499999826
0.00010051553999999826
0.00010053297999999826
0.00010054057499999825
0.00010054080999999825
0.00010054104499999825
0.00010054127999999824
0.00010054151499999824
0.00010054174999999823
0.00010054198499999823
0.00010054221999999823
0.00010054245499999822
0.00010054268999999822
0.00010054292499999822
0.00010054315999999821
0.00010054339499999821
0.0001005860899999982
0.00010060816499999821
0.00010060839999999821
0.0001006086349999982
0.0001006088699999982
0.0001006091049999982
0.00010060933999999819
0.00010060957499999819
0.00010060980999999818
0.00010061004499999818
0.00010061027999999818
0.00010061051499999817
0.00010061074999999817
0.00010061098499999817
0.00010061121999999816
0.00010061145499999816
0.00010061168999999815
0.00010102440999999816
0.00010118336499999816
0.00010118359999999815
0.00010118383499999815
0.00010118406999999815
0.00010159678999999815
0.00010175574499999815
0.00010177318499999815
0.00010178077999999815
0.00010178101499999814
0.00010178124999999814
0.00010178148499999814
0.00010179892499999814
0.00010180651999999813
0.00010180675499999813
0.00010180698999999813
0.00010180722499999812
0.00010180745999999812
0.00010180769499999811
0.00010180792999999811
0.0001018081649999981
0.0001018083999999981
0.0001018086349999981
0.0001018088699999981
0.00010180910499999809
0.00010180933999999809
0.00010180957499999808
0.00010180980999999808
0.00010181004499999807
0.00010181027999999807
0.00010181051499999807
0.00010181074999999806
0.00010181098499999806
0.00010181121999999806
0.00010181145499999805
0.00010181168999999805
0.00010181192499999804
0.00010181215999999804
0.00010181239499999804
0.00010181262999999803
0.00010181286499999803
0.00010181309999999802
0.00010181333499999802
0.00010181356999999802
0.00010193186499999802
0.00010199713999999802
0.00010199737499999802
0.00010199760999999802
0.00010199784499999801
0.00010199807999999801
0.000101998314999998
0.000102015754999998
0.000102023349999998
0.000102023584999998
0.00010202381999999799
0.00010204125999999799
0.00010204885499999799
0.00010204908999999799
0.00010204932499999798
0.00010204955999999798
0.00010204979499999797
0.00010205002999999797
0.00010205026499999797
0.00010205049999999796
0.00010205073499999796
0.00010205096999999795
0.00010205120499999795
0.00010205143999999795
0.00010205167499999794
0.00010206911499999794
0.00010207670999999794
0.00010207694499999793
0.00010209438499999794
0.00010210197999999793
0.00010210221499999793
0.00010210244999999792
0.00010210268499999792
0.00010210291999999792
0.00010210315499999791
0.00010210338999999791
0.0001021036249999979
0.0001021038599999979
0.0001021040949999979
0.00010210432999999789
0.00010210456499999789
0.00010210479999999788
0.00010210503499999788
0.00010210526999999788
0.00010210550499999787
0.00010210573999999787
0.00010210597499999786
0.00010210620999999786
0.00010210644499999786
0.00010210667999999785
0.00010210691499999785
0.00010210714999999785
0.00010210738499999784
0.00010212482499999784
0.00010213241999999784
0.00010214985999999784
0.00010258281999999784
0.00010275649499999784
0.00010275672999999783
0.00010275696499999783
0.00010275719999999782
0.00010275743499999782
0.00010275766999999782
0.00010275790499999781
0.00010275813999999781
0.0001027583749999978
0.0001027586099999978
0.0001027588449999978
0.0001027763599999978
0.0001027840349999978
0.0001027842699999978
0.00010278450499999779
0.00010280194499999779
0.00010280953999999779
0.00010280977499999778
0.00010281000999999778
0.00010281024499999777
0.00010281047999999777
0.00010281071499999777
0.00010281094999999776
0.00010281118499999776
0.00010281141999999775
0.00010281165499999775
0.00010281188999999775
0.00010281212499999774
0.00010281235999999774
0.00010281259499999774
0.00010281282999999773
0.00010281306499999773
0.00010281329999999772
0.00010281353499999772
0.00010281376999999772
0.00010281400499999771
0.00010281423999999771
0.0001028144749999977
0.0001028147099999977
0.0001028149449999977
0.00010281517999999769
0.00010281541499999769
0.00010281564999999768
0.00010281588499999768
0.00010281611999999768
0.00010281635499999767
0.00010281658999999767
0.00010281682499999767
0.00010281705999999766
0.00010281729499999766
0.00010285998999999766
0.00010288206499999766
0.00010288229999999766
0.00010288253499999765
0.00010288276999999765
0.00010288300499999765
0.00010288323999999764
0.00010288347499999764
0.00010288370999999763
0.00010288394499999763
0.00010288417999999763
0.00010288441499999762
0.00010288464999999762
0.00010288488499999762
0.00010288511999999761
0.00010288535499999761
0.0001028855899999976
0.0001028858249999976
0.0001028860599999976
0.00010288629499999759
0.00010288652999999759
0.00010288676499999758
0.00010288699999999758
0.00010288723499999758
0.00010288746999999757
0.00010288770499999757
0.00010288793999999756
0.00010290537999999756
0.00010291297499999756
0.00010291320999999756
0.00010291344499999755
0.00010291367999999755
0.00010291391499999755
0.00010291414999999754
0.00010291438499999754
0.00010291461999999753
0.00010291485499999753
0.00010291508999999753
0.00010291532499999752
0.00010291555999999752
0.00010293299999999752
0.00010294059499999751
0.00010294082999999751
0.0001029410649999975
0.0001029412999999975
0.0001029415349999975
0.0001029417699999975
0.00010294200499999749
0.00010294223999999749
0.00010294247499999748
0.00010294270999999748
0.00010294294499999748
0.00010294317999999747
0.00010294341499999747
0.00010294364999999746
0.00010294388499999746
0.00010294411999999746
0.00010294435499999745
0.00010296179499999745
0.00010296938999999745
0.00010296962499999744
0.00010296985999999744
0.00010297009499999744
0.00010301278999999744
0.00010306571999999744
0.00010309515499999744
0.00010309538999999744
0.00010309562499999744
0.00010309585999999743
0.00010309609499999743
0.00010311353499999743
0.00010312112999999742
0.00010312136499999742
0.00010312159999999742
0.00010312183499999741
0.00010312206999999741
0.0001031223049999974
0.0001031225399999974
0.0001031227749999974
0.0001031230099999974
0.00010312324499999739
0.00010312347999999739
0.00010312371499999738
0.00010312394999999738
0.00010312418499999737
0.00010312441999999737
0.00010312465499999737
0.00010312488999999736
0.00010312512499999736
0.00010315966499999736
0.00010317445999999736
0.00010317469499999736
0.00010317492999999735
0.00010317516499999735
0.00010320970499999735
0.00010322449999999735
0.00010322473499999735
0.00010322496999999734
0.00010325958499999735
0.00010331791499999735
0.00010334734999999735
0.00010334758499999735
0.00010334781999999735
0.00010334805499999734
0.00010334828999999734
0.00010334852499999733
0.00010334875999999733
0.00010334899499999733
0.00010334922999999732
0.00010334946499999732
0.00010334969999999731
0.00010334993499999731
0.0001033501699999973
0.0001033504049999973
0.0001033506399999973
0.0001033508749999973
0.00010335110999999729
0.00010335134499999729
0.00010335157999999728
0.00010335181499999728
0.00010335204999999728
0.00010335228499999727
0.00010335251999999727
0.00010335275499999726
0.00010335298999999726
0.00010335322499999726
0.00010335345999999725
0.00010335369499999725
0.00010335392999999724
0.00010335416499999724
0.00010335439999999724
0.00010335463499999723
0.00010335486999999723
0.00010335510499999722
0.00010335533999999722
0.00010335557499999722
0.00010335580999999721
0.00010335604499999721
0.00010337355999999721
0.00010338123499999721
0.00010339867499999721
0.0001034062699999972
0.0001034065049999972
0.0001034067399999972
0.0001039787749999972
0.0001042746099999972
0.00010427484499999719
0.00010427507999999719
0.00010427531499999718
0.00010427554999999718
0.00010427578499999718
0.00010427601999999717
0.00010427625499999717
0.00010427648999999716
0.00010427672499999716
0.00010427695999999716
0.00010427719499999715
0.00010552980999999716
0.00010665965999999716
0.00010735181499999716
0.00010735204999999716
0.00010736948999999716
0.00010737708499999715
0.00010737731999999715
0.00010737755499999714
0.00010737778999999714
0.00010737802499999714
0.00010737825999999713
0.00010737849499999713
0.00010737872999999712
0.00010737896499999712
0.00010737919999999712
0.00010739663999999712
0.00010742603999999711
0.00010744099499999711
0.0001074412299999971
0.0001074414649999971
0.0001074416999999971
0.0001074419349999971
0.00010744216999999709
0.00010744240499999709
0.00010744263999999708
0.00010744287499999708
0.00010744310999999707
0.00010744334499999707
0.00010744357999999707
0.00010746101999999707
0.00010746861499999706
0.00010748605499999706
0.00010749364999999706
0.00010749388499999706
0.00010749411999999705
0.00010749435499999705
0.00010749458999999704
0.00010749482499999704
0.00010749505999999704
0.00010749529499999703
0.00010749552999999703
0.00010749576499999702
0.00010749599999999702
0.00010749623499999702
0.00010749646999999701
0.00010749670499999701
0.000107496939999997
0.000107497174999997
0.000107514614999997
0.000107522209999997
0.000107522444999997
0.00010752267999999699
0.00010752291499999699
0.00010752314999999698
0.00010752338499999698
0.00010752361999999697
0.00010752385499999697
0.00010752408999999697
0.00010752432499999696
0.00010752455999999696
0.00010752479499999695
0.00010752502999999695
0.00010752526499999695
0.00010752549999999694
0.00010752573499999694
0.00010752596999999694
0.00010752620499999693
0.00010752643999999693
0.00010752667499999692
0.00010752690999999692
0.00010752714499999692
0.00010752737999999691
0.00010752761499999691
0.0001075278499999969
0.0001075280849999969
0.0001075283199999969
0.00010752855499999689
0.00010752878999999689
0.00010752902499999688
0.00010752925999999688
0.00010752949499999688
0.00010752972999999687
0.00010752996499999687
0.00010753019999999687
0.00010753043499999686
0.00010757312999999686
0.00010759520499999687
0.00010759543999999686
0.00010759567499999686
0.00010759590999999685
0.00010759614499999685
0.00010759637999999685
0.00010759661499999684
0.00010759684999999684
0.00010759708499999683
0.00010759731999999683
0.00010759755499999683
0.00010759778999999682
0.00010759802499999682
0.00010759825999999682
0.00010881404999999681
0.00010947732499999681
0.00010947755999999681
0.00010958782999999681
0.00010964598499999681
0.0001096462199999968
0.0001096464549999968
0.0001096466899999968
0.00010964692499999679
0.00010964715999999679
0.00010964739499999678
0.00010964762999999678
0.00010964786499999678
0.00010964809999999677
0.00010964833499999677
0.00010964856999999676
0.00010964880499999676
0.00010964903999999676
0.00010964927499999675
0.00010964950999999675
0.00010964974499999675
0.00010964997999999674
0.00010965021499999674
0.00010966765499999674
0.00010967524999999673
0.00010967548499999673
0.00010967571999999673
0.00010967595499999672
0.00010967618999999672
0.00010967642499999671
0.00010967665999999671
0.0001096768949999967
0.0001096771299999967
0.0001096773649999967
0.0001096775999999967
0.00010967783499999669
0.00010967806999999669
0.00010967830499999668
0.00010967853999999668
0.00010967877499999668
0.00010967900999999667
0.00010967924499999667
0.00010967947999999666
0.00010967971499999666
0.00010967994999999666
0.00010968018499999665
0.00010968041999999665
0.00010968065499999664
0.00010968088999999664
0.00011006840999999664
0.00011021296499999664
0.00011021319999999664
0.00011021343499999663
0.00011021366999999663
0.00011021390499999662
0.00011021413999999662
0.00011021437499999662
0.00011021460999999661
0.00011021484499999661
0.0001102150799999966
0.0001102153149999966
0.0001102155499999966
0.0001102157849999966
0.00011021601999999659
0.00011021625499999659
0.00011067042999999658
0.00011085826499999658
0.00011085849999999658
0.00011085873499999658
0.00011085896999999657
0.00011085920499999657
0.00011085943999999656
0.00011085967499999656
0.00011085990999999656
0.00011086014499999655
0.00011086037999999655
0.00011086061499999655
0.00011086084999999654
0.00011086108499999654
0.00011086131999999653
0.00011086155499999653
0.00011086178999999653
0.00011086202499999652
0.00011086225999999652
0.00011086249499999651
0.00011086272999999651
0.0001108629649999965
0.0001108631999999965
0.0001108634349999965
0.0001108636699999965
0.00011086390499999649
0.00011086413999999649
0.00011086437499999648
0.00011086460999999648
0.00011086484499999648
0.00011086507999999647
0.00011086531499999647
0.00011086554999999646
0.00011086578499999646
0.00011086601999999646
0.00011088353499999645
0.00011089120999999646
0.00011089144499999645
0.00011089167999999645
0.00011089191499999644
0.00011089214999999644
0.00011089238499999644
0.00011089261999999643
0.00011089285499999643
0.00011089308999999643
0.00011089332499999642
0.00011089355999999642
0.00011089379499999641
0.00011089402999999641
0.0001108942649999964
0.0001108944999999964
0.0001108947349999964
0.0001108949699999964
0.00011089520499999639
0.00011089543999999639
0.00011089567499999638
0.00011089590999999638
0.00011089614499999637
0.00011089637999999637
0.00011089661499999637
0.00011089684999999636
0.00011089708499999636
0.00011089731999999636
0.00011089755499999635
0.00011089778999999635
0.00011089802499999634
0.00011089825999999634
0.00011089849499999634
0.00011089872999999633
0.00011089896499999633
0.00011089919999999632
0.00011089943499999632
0.00011095922999999632
0.00011098850499999632
0.00011098873999999631
0.00011098897499999631
0.0001109892099999963
0.0001109894449999963
0.0001109896799999963
0.0001109899149999963
0.00011099014999999629
0.00011099038499999629
0.00011099061999999628
0.00011099085499999628
0.00011099108999999627
0.00011099132499999627
0.00011099155999999627
0.00011100907499999627
0.00011101674999999627
0.00011101698499999626
0.00011125775499999626
0.00011139510999999627
0.00011139534499999626
0.00011139557999999626
0.00011139581499999626
0.00011139604999999625
0.00011139628499999625
0.00011139651999999624
0.00011139675499999624
0.00011139698999999624
0.00011139722499999623
0.00011139745999999623
0.00011139769499999622
0.00011139792999999622
0.00011139816499999622
0.00011197027499999622
0.00011226618999999622
0.00011226642499999621
0.00011226665999999621
0.0001122668949999962
0.0001122671299999962
0.0001122673649999962
0.0001122675999999962
0.00011226783499999619
0.00011226806999999619
0.00011226830499999618
0.00011226853999999618
0.00011226877499999617
0.00011268149499999618
0.00011284044999999618
0.00011284068499999618
0.00011285812499999618
0.00011286571999999617
0.00011286595499999617
0.00011286618999999616
0.00011286642499999616
0.00011286665999999616
0.00011286689499999615
0.00011286712999999615
0.00011290982499999615
0.00011296282999999615
0.00011299234499999615
0.00011299257999999614
0.00011299281499999614
0.00011299304999999613
0.00011299328499999613
0.00011299351999999613
0.00011299375499999612
0.00011303644999999612
0.00011305852499999613
0.00011305875999999612
0.00011305899499999612
0.00011305922999999612
0.00011305946499999611
0.00011305969999999611
0.0001130599349999961
0.0001130601699999961
0.0001130604049999961
0.00011306063999999609
0.00011306087499999609
0.00011306110999999608
0.00011306134499999608
0.00011306157999999608
0.00011306181499999607
0.00011306204999999607
0.00011306228499999607
0.00011306251999999606
0.00011306275499999606
0.00011306298999999605
0.00011306322499999605
0.00011306345999999605
0.00011306369499999604
0.00011306392999999604
0.00011306416499999603
0.00011347688499999604
0.00011363583999999604
0.00011363607499999604
0.00011363630999999603
0.00011363654499999603
0.00011363677999999602
0.00011363701499999602
0.00011363724999999602
0.00011363748499999601
0.00011363771999999601
0.000113637954999996
0.000113638189999996
0.000113638424999996
0.000114025944999996
0.000114170499999996
0.00011417073499999599
0.00011418817499999599
0.00011419576999999599
0.00011472111999999598
0.00011495943499999598
0.00011495966999999598
0.00011495990499999597
0.00011496013999999597
0.00011496037499999596
0.00011496060999999596
0.00011496084499999596
0.00011496107999999595
0.00011496131499999595
0.00011496154999999594
0.00011496178499999594
0.00011496201999999594
0.00011499655999999594
0.00011501135499999594
0.00011501158999999594
0.00011501182499999593
0.00011501205999999593
0.00011501229499999592
0.00011501252999999592
0.00011501276499999592
0.00011501299999999591
0.00011501323499999591
0.0001150134699999959
0.0001150137049999959
0.0001150139399999959
0.00011501417499999589
0.00011501440999999589
0.00011501464499999588
0.00011501487999999588
0.00011501511499999588
0.00011501534999999587
0.00011501558499999587
0.00011501581999999587
0.00011501605499999586
0.00011501628999999586
0.00011501652499999585
0.00011501675999999585
0.00011501699499999585
0.00011501722999999584
0.00011501746499999584
0.00011501769999999583
0.00011501793499999583
0.00011501816999999583
0.00011501840499999582
0.00011501863999999582
0.00011501887499999581
0.00011501910999999581
0.00011501934499999581
0.0001150195799999958
0.0001150198149999958
0.0001150200499999958
0.00011502028499999579
0.00011502051999999579
0.00011502075499999578
0.00011502098999999578
0.00011502122499999578
0.00011502145999999577
0.00011502169499999577
0.00011502192999999576
0.00011502216499999576
0.00011502239999999576
0.00011502263499999575
0.00011502286999999575
0.00011502310499999574
0.00011502333999999574
0.00011502357499999574
0.00011502380999999573
0.00011541132999999574
0.00011555588499999573
0.00011555611999999573
0.00011555635499999572
0.00011555658999999572
0.00011555682499999572
0.00011555705999999571
0.00011555729499999571
0.0001155575299999957
0.0001155577649999957
0.0001155579999999957
0.0001155582349999957
0.00011555846999999569
0.00011555870499999569
0.00011555893999999568
0.00011555917499999568
0.00011555940999999567
0.00011555964499999567
0.00011555987999999567
0.00011556011499999566
0.00011556034999999566
0.00011556058499999565